RIBOSUM

	A	C	G	U
A	2.33
C	-2.21	1.22
G	-1.81	-2.86	1.12
U	-1.78	-1.16	-2.11	1.78


	AA	AC	AG	AU	CA	CC	CG	CU	GA	GC	GG	GU	UA	UC	UG	UU
AA	-1.77
AC	-9.67	-1.99
AG	-8.86	-9.66	-1.69
AU	-5.51	-2.54	-6.52	4.64
CA	-10.15	-11.16	-11.20	-6.47	-2.35
CC	-13.88	-9.91	-13.71	-7.08	-10.73	-2.38
CG	-5.52	-6.23	-5.12	1.46	-3.74	-5.20	5.46
CU	-11.65	-11.11	-7.96	-5.96	-7.93	-6.39	-4.88	-0.76
GA	-8.57	-8.54	-7.76	-6.73	-8.69	-11.87	-3.86	-6.33	-0.90
GC	-5.47	-4.03	-5.94	2.48	-6.12	-4.49	1.81	-6.76	-4.31	5.66
GG	-9.38	-8.69	-5.69	-6.55	-11.90	-13.14	-4.62	-12.51	-6.30	-4.14	-1.97
GU	-7.15	-5.80	-7.19	0.27	-8.16	-8.29	-0.62	-6.48	-6.73	1.03	-6.04	3.57
UA	-4.80	-6.22	-6.69	1.37	-3.36	-7.18	2.54	-4.10	-5.32	1.27	-6.61	-0.98	5.07
UC	-11.61	-8.60	-8.10	-5.95	-8.34	-8.80	-5.88	-4.05	-6.35	-4.76	-12.28	-5.40	-2.83	-3.40
UG	-6.74	-7.88	-6.01	-0.90	-6.36	-9.12	1.03	-8.18	-7.56	-0.24	-4.57	-2.28	0.85	-6.79	3.36
UU	-9.98	-8.07	-10.15	-3.94	-8.37	-6.92	-3.98	-4.56	-11.40	-4.20	-11.38	-5.13	-3.81	-4.99	-5.05	0.05


BASE FREQUENCIES
2.53173e-01 2.23324e-01 3.01265e-01 2.22238e-01 

BASE PAIR FREQUENCIES
1.93178e-03 1.81439e-03 2.66540e-03 1.28735e-01 
1.51601e-03 8.92848e-04 2.61893e-01 2.17484e-03 
4.43010e-03 2.84282e-01 3.36085e-03 7.37916e-02 
1.54795e-01 1.27381e-03 7.27225e-02 3.72069e-03 


BASE MATCH FREQUENCIES
3.21307e-01 1.22108e-02 2.17278e-02 1.64303e-02 1.22108e-02 1.16400e-01 9.24415e-03 2.22753e-02 2.17278e-02 9.24415e-03 1.97718e-01 1.54929e-02 1.64303e-02 2.22753e-02 1.54929e-02 1.69813e-01 

BASE PAIR MATCH FREQUENCIES
1.20839e-03 4.43779e-06 1.05136e-05 7.90979e-05 3.18846e-06 2.11408e-07 9.37294e-05 9.87948e-07 1.28897e-05 9.71855e-05 8.72410e-06 3.01267e-05 1.29541e-04 1.01923e-06 4.00334e-05 3.14321e-06 
4.43779e-06 8.04116e-04 5.34137e-06 5.45304e-04 1.40122e-06 2.93096e-06 5.08026e-05 1.26641e-06 1.16147e-05 2.32567e-04 1.24422e-05 6.81340e-05 4.27426e-05 7.22925e-06 1.60559e-05 1.03896e-05 
1.05136e-05 5.34137e-06 1.80737e-03 4.69235e-05 1.82700e-06 2.84603e-07 1.47711e-04 1.51632e-05 2.68265e-05 8.35840e-05 1.34248e-04 3.49674e-05 4.14817e-05 1.37984e-05 7.91812e-05 3.30959e-06 
7.90979e-05 5.45304e-04 4.69235e-05 7.90840e-02 3.59672e-05 2.06921e-05 1.04272e-02 4.48588e-05 4.04066e-05 2.10598e-02 5.46508e-05 4.53184e-03 8.17325e-03 4.51020e-05 2.02009e-03 1.81489e-04 
3.18846e-06 1.40122e-06 1.82700e-06 3.59672e-05 6.28962e-04 1.65753e-06 2.83908e-04 1.15248e-05 1.04117e-05 5.45745e-05 1.33853e-06 1.32679e-05 3.10060e-04 8.68003e-06 4.61344e-05 8.43958e-06 
2.11408e-07 2.93096e-06 2.84603e-07 2.06921e-05 1.65753e-06 4.77149e-04 9.15776e-05 2.95809e-05 1.01723e-06 1.48871e-04 5.00871e-07 1.06815e-05 1.93892e-05 5.55452e-06 6.00629e-06 2.02790e-05 
9.37294e-05 5.08026e-05 1.47711e-04 1.04272e-02 2.83908e-04 9.15776e-05 1.99542e-01 1.13751e-04 3.53618e-04 1.59005e-02 2.49088e-04 2.93055e-03 2.20550e-02 5.68530e-05 9.20923e-03 2.09930e-04 
9.87948e-07 1.26641e-06 1.51632e-05 4.48588e-05 1.15248e-05 2.95809e-05 1.13751e-04 1.45295e-03 4.69040e-05 3.07627e-05 7.74881e-07 3.72468e-05 1.63249e-04 1.48604e-04 1.14600e-05 1.04273e-04 
1.28897e-05 1.16147e-05 2.68265e-05 4.04066e-05 1.04117e-05 1.01723e-06 3.53618e-04 4.69040e-05 3.10953e-03 2.59579e-04 8.80736e-05 4.81112e-05 1.07443e-04 4.65604e-05 2.71328e-05 1.39003e-06 
9.71855e-05 2.32567e-04 8.35840e-05 2.10598e-02 5.45745e-05 1.48871e-04 1.59005e-02 3.07627e-05 2.59579e-04 2.29572e-01 3.46433e-04 9.18687e-03 9.13552e-03 1.23410e-04 3.80598e-03 1.81169e-04 
8.72410e-06 1.24422e-05 1.34248e-04 5.46508e-05 1.33853e-06 5.00871e-07 2.49088e-04 7.74881e-07 8.80736e-05 3.46433e-04 2.10354e-03 9.20696e-05 5.23808e-05 9.05905e-07 2.56639e-04 1.68489e-06 
3.01267e-05 6.81340e-05 3.49674e-05 4.53184e-03 1.32679e-05 1.06815e-05 2.93055e-03 3.72468e-05 4.81112e-05 9.18687e-03 9.20696e-05 5.31688e-02 1.91531e-03 7.84839e-05 9.21861e-04 9.42585e-05 
1.29541e-04 4.27426e-05 4.14817e-05 8.17325e-03 3.10060e-04 1.93892e-05 2.20550e-02 1.63249e-04 1.07443e-04 9.13552e-03 5.23808e-05 1.91531e-03 1.06542e-01 3.91587e-04 6.78919e-03 1.98363e-04 
1.01923e-06 7.22925e-06 1.37984e-05 4.51020e-05 8.68003e-06 5.55452e-06 5.68530e-05 1.48604e-04 4.65604e-05 1.23410e-04 9.05905e-07 7.84839e-05 3.91587e-04 2.33902e-04 2.99274e-05 7.71115e-05 
4.00334e-05 1.60559e-05 7.91812e-05 2.02009e-03 4.61344e-05 6.00629e-06 9.20923e-03 1.14600e-05 2.71328e-05 3.80598e-03 2.56639e-04 9.21861e-04 6.78919e-03 2.99274e-05 4.60478e-02 9.98764e-05 
3.14321e-06 1.03896e-05 3.30959e-06 1.81489e-04 8.43958e-06 2.02790e-05 2.09930e-04 1.04273e-04 1.39003e-06 1.81169e-04 1.68489e-06 9.42585e-05 1.98363e-04 7.71115e-05 9.98764e-05 2.51677e-03 

