RIBOSUM

	A	C	G	U
A	2.36
C	-3.46	1.60
G	-3.07	-3.81	1.36
U	-2.90	-1.88	-3.32	1.91


	AA	AC	AG	AU	CA	CC	CG	CU	GA	GC	GG	GU	UA	UC	UG	UU
AA	-0.40
AC	-7.81	-0.47
AG	-7.09	-9.08	-1.30
AU	-4.87	-4.99	-7.21	5.09
CA	-9.79	-10.65	-11.13	-8.48	-1.08
CC	-13.47	-7.17	-12.99	-8.09	-10.16	-1.02
CG	-6.40	-7.33	-5.65	-0.43	-3.90	-5.16	5.85
CU	-13.36	-13.49	-12.71	-5.90	-9.78	-7.16	-5.06	0.28
GA	-8.64	-8.56	-7.67	-8.40	-8.95	-12.80	-8.62	-15.46	-0.75
GC	-4.78	-3.88	-7.98	1.06	-6.73	-4.74	0.02	-7.67	-5.72	5.96
GG	-10.34	-11.82	-6.49	-8.32	-11.17	-14.02	-5.63	-14.57	-7.24	-5.24	-1.75
GU	-7.42	-6.27	-8.01	-0.68	-8.94	-9.20	-1.81	-6.58	-6.40	0.42	-6.41	3.78
UA	-5.26	-7.75	-8.16	-0.98	-4.63	-8.11	1.14	-6.99	-6.48	-0.95	-8.05	-3.24	5.25
UC	-11.99	-9.12	-11.16	-7.20	-12.35	-8.14	-6.80	-6.62	-15.01	-4.79	-11.94	-5.08	-5.19	-1.91
UG	-7.68	-8.76	-6.19	-3.02	-6.39	-9.40	0.71	-8.95	-9.35	-2.28	-6.58	-3.38	-0.59	-7.55	3.70
UU	-9.33	-8.84	-9.96	-3.80	-9.65	-7.66	-4.56	-6.68	-13.84	-5.51	-12.61	-5.01	-4.08	-5.23	-5.37	0.28


BASE FREQUENCIES
2.54157e-01 2.19559e-01 2.87075e-01 2.39209e-01 

BASE PAIR FREQUENCIES
3.84637e-03 2.75512e-03 2.58426e-03 1.42521e-01 
2.03133e-03 1.48044e-03 2.52897e-01 3.65678e-03 
3.49981e-03 2.68242e-01 2.56137e-03 7.60948e-02 
1.56406e-01 1.27450e-03 7.50731e-02 5.07577e-03 


BASE MATCH FREQUENCIES
3.32547e-01 5.08213e-03 8.71712e-03 8.16470e-03 5.08213e-03 1.45673e-01 4.49368e-03 1.43042e-02 8.71712e-03 4.49368e-03 2.10985e-01 6.86849e-03 8.16470e-03 1.43042e-02 6.86849e-03 2.15535e-01 

BASE PAIR MATCH FREQUENCIES
3.16954e-03 1.60479e-05 3.46892e-05 1.34227e-04 4.06100e-06 2.73914e-07 4.83153e-05 3.23014e-07 1.18489e-05 1.48035e-04 4.10480e-06 2.58768e-05 1.02610e-04 8.31247e-07 2.15829e-05 5.72825e-06 
1.60479e-05 2.24343e-03 7.50871e-06 1.06575e-04 1.93670e-06 1.86178e-05 2.18146e-05 2.54494e-07 1.08030e-05 2.38486e-04 1.27221e-06 4.97065e-05 1.57358e-05 5.28157e-06 8.81684e-06 6.99020e-06 
3.46892e-05 7.50871e-06 2.15721e-03 2.99675e-05 1.81736e-06 4.31911e-07 9.16313e-05 5.72781e-07 2.61887e-05 1.82023e-05 6.69801e-05 1.94471e-05 1.55430e-05 1.67195e-06 6.86784e-05 4.17766e-06 
1.34227e-04 1.06575e-04 2.99675e-05 1.26175e-01 9.50186e-06 1.07695e-05 2.84603e-03 5.33913e-05 1.31635e-05 7.97736e-03 1.56795e-05 2.60150e-03 1.87696e-03 2.17430e-05 5.14512e-04 2.49263e-04 
4.06100e-06 1.93670e-06 1.81736e-06 9.50186e-06 1.47769e-03 2.35298e-06 2.35092e-04 3.33228e-06 8.22209e-06 3.30357e-05 2.00210e-06 7.82136e-06 1.36890e-04 5.61564e-07 4.57822e-05 3.97537e-06 
2.73914e-07 1.86178e-05 4.31911e-07 1.07695e-05 2.35298e-06 1.14873e-03 8.48389e-05 1.76473e-05 4.92501e-07 1.13560e-04 2.39111e-07 5.62666e-06 1.06263e-05 9.00409e-06 4.91404e-06 1.36269e-05 
4.83153e-05 2.18146e-05 9.16313e-05 2.84603e-03 2.35092e-04 8.48389e-05 2.28567e-01 9.93074e-05 1.16486e-05 4.02263e-03 1.04817e-04 1.23366e-03 8.44361e-03 2.97571e-05 7.07790e-03 1.52465e-04 
3.23014e-07 2.54494e-07 5.72781e-07 5.33913e-05 3.33228e-06 1.76473e-05 9.93074e-05 3.35683e-03 8.51526e-08 1.62300e-05 1.78568e-07 3.77896e-05 2.50747e-05 2.79770e-05 7.30783e-06 2.93592e-05 
1.18489e-05 1.08030e-05 2.61887e-05 1.31635e-05 8.22209e-06 4.92501e-07 1.16486e-05 8.51526e-08 3.16513e-03 8.74088e-05 3.99016e-05 5.93077e-05 4.95910e-05 1.16494e-07 7.67010e-06 2.84473e-07 
1.48035e-04 2.38486e-04 1.82023e-05 7.97736e-03 3.30357e-05 1.13560e-04 4.02263e-03 1.62300e-05 8.74088e-05 2.48141e-01 1.37413e-04 5.78932e-03 1.97671e-03 1.20021e-04 8.88738e-04 7.92313e-05 
4.10480e-06 1.27221e-06 6.69801e-05 1.56795e-05 2.00210e-06 2.39111e-07 1.04817e-04 1.78568e-07 3.99016e-05 1.37413e-04 2.01818e-03 6.66586e-05 1.89707e-05 1.09944e-06 5.90006e-05 7.55834e-07 
2.58768e-05 4.97065e-05 1.94471e-05 2.60150e-03 7.82136e-06 5.62666e-06 1.23366e-03 3.77896e-05 5.93077e-05 5.78932e-03 6.66586e-05 6.49753e-02 4.41600e-04 1.06355e-04 4.52336e-04 1.21699e-04 
1.02610e-04 1.57358e-05 1.55430e-05 1.87696e-03 1.36890e-04 1.06263e-05 8.44361e-03 2.50747e-05 4.95910e-05 1.97671e-03 1.89707e-05 4.41600e-04 1.40391e-01 8.76802e-05 2.77129e-03 2.05502e-04 
8.31247e-07 5.28157e-06 1.67195e-06 2.17430e-05 5.61564e-07 9.00409e-06 2.97571e-05 2.79770e-05 1.16494e-07 1.20021e-04 1.09944e-06 1.06355e-04 8.76802e-05 7.33497e-04 1.91840e-05 8.02301e-05 
2.15829e-05 8.81684e-06 6.86784e-05 5.14512e-04 4.57822e-05 4.91404e-06 7.07790e-03 7.30783e-06 7.67010e-06 8.88738e-04 5.90006e-05 4.52336e-04 2.77129e-03 1.91840e-05 6.14919e-02 9.49873e-05 
5.72825e-06 6.99020e-06 4.17766e-06 2.49263e-04 3.97537e-06 1.36269e-05 1.52465e-04 2.93592e-05 2.84473e-07 7.92313e-05 7.55834e-07 1.21699e-04 2.05502e-04 8.02301e-05 9.49873e-05 3.96827e-03 

