RIBOSUM

	A	C	G	U
A	1.20
C	-0.54	0.84
G	-0.35	-1.03	0.74
U	-0.45	-0.31	-0.67	0.70


	AA	AC	AG	AU	CA	CC	CG	CU	GA	GC	GG	GU	UA	UC	UG	UU
AA	-5.27
AC	-11.66	-2.98
AG	-10.30	-11.40	-3.71
AU	-5.31	-1.98	-4.67	3.49
CA	-10.74	-11.30	-12.05	-5.63	-4.66
CC	-12.97	-8.96	-12.67	-3.27	-12.17	-4.12
CG	-3.82	-4.99	-1.83	2.50	-2.79	-5.38	5.67
CU	-12.01	-10.10	-5.39	-3.86	-10.47	-5.11	-3.25	-2.81
GA	-6.79	-9.64	-9.37	-4.12	-5.30	-11.51	-4.74	-5.08	-3.50
GC	-3.47	-3.18	-4.03	3.47	-4.18	-3.86	3.32	-2.29	-2.03	5.94
GG	-11.25	-10.94	-4.45	-5.43	-12.03	-11.83	-4.77	-10.88	-7.35	-4.16	-3.92
GU	-6.00	-3.73	-6.41	0.88	-6.74	-6.78	0.79	-3.44	-6.60	1.90	-4.79	2.79
UA	-3.38	-5.97	-3.46	1.92	-2.77	-5.28	3.55	-2.83	-3.58	2.60	-5.58	0.17	3.97
UC	-14.00	-10.83	-10.72	-5.81	-10.78	-10.28	-5.18	-7.06	-8.81	-4.39	-13.05	-5.92	-3.93	-6.62
UG	-4.77	-4.61	-5.13	-0.49	-5.98	-8.61	1.60	-5.43	-7.42	0.36	-5.52	-1.04	1.06	-4.40	2.75
UU	-12.22	-9.29	-10.74	-3.55	-8.29	-8.95	-2.19	-5.57	-10.93	-2.56	-11.59	-3.09	-1.78	-6.39	-2.65	-1.79


BASE FREQUENCIES
2.91923e-01 1.89088e-01 2.55138e-01 2.63852e-01 

BASE PAIR FREQUENCIES
3.10986e-03 2.27405e-03 2.97949e-03 1.78984e-01 
1.96829e-03 9.39749e-04 2.13076e-01 2.84366e-03 
3.24669e-03 2.37352e-01 2.00355e-03 7.12484e-02 
2.00765e-01 1.39649e-03 7.20182e-02 5.79408e-03 


BASE MATCH FREQUENCIES
1.96153e-01 3.80888e-02 5.83492e-02 5.64427e-02 3.80888e-02 6.39949e-02 2.35962e-02 4.02144e-02 5.83492e-02 2.35962e-02 1.08456e-01 4.23133e-02 5.64427e-02 4.02144e-02 4.23133e-02 1.13387e-01 

BASE PAIR MATCH FREQUENCIES
1.87756e-04 1.45483e-06 5.02520e-06 1.65532e-04 2.75984e-06 3.80348e-07 2.90792e-04 1.03254e-06 5.72338e-05 3.71060e-04 2.27848e-06 8.97737e-05 6.31330e-04 2.58961e-07 2.09710e-04 1.24542e-06 
1.45483e-06 3.85796e-04 1.52248e-06 1.07793e-03 1.20599e-06 3.97328e-06 8.36384e-05 2.50994e-06 5.16173e-06 2.93880e-04 1.82752e-06 2.80854e-04 6.78590e-05 1.50853e-06 1.51933e-04 6.13569e-06 
5.02520e-06 1.52248e-06 4.23668e-04 2.24873e-04 9.67169e-07 4.09657e-07 1.00733e-03 8.87785e-05 8.37846e-06 2.20315e-04 2.22001e-04 5.88431e-05 5.22874e-04 2.20015e-06 1.42740e-04 3.02218e-06 
1.65532e-04 1.07793e-03 2.24873e-04 6.68754e-02 8.55974e-05 2.84676e-04 2.09887e-02 2.64361e-04 3.30439e-04 4.12666e-02 1.16595e-04 9.56154e-03 2.25178e-02 6.85950e-05 3.69092e-03 4.58024e-04 
2.75984e-06 1.20599e-06 9.67169e-07 8.55974e-05 1.20777e-04 4.28314e-07 3.86138e-04 1.94269e-06 1.04547e-04 1.46772e-04 8.59425e-07 3.46702e-05 6.25428e-04 1.56270e-06 5.88668e-05 1.22690e-05 
3.80348e-07 3.97328e-06 4.09657e-07 2.84676e-04 4.28314e-07 7.35972e-05 4.15157e-05 5.18019e-05 9.12736e-07 1.18487e-04 6.40085e-07 2.19506e-05 7.08303e-05 1.43859e-06 6.16461e-06 5.03884e-06 
2.90792e-04 8.36384e-05 1.00733e-03 2.09887e-02 3.86138e-04 4.15157e-05 1.18520e-01 2.52384e-04 1.34241e-04 2.32529e-02 1.15249e-04 5.61820e-03 4.33824e-02 6.62754e-05 9.85929e-03 7.36975e-04 
1.03254e-06 2.50994e-06 8.87785e-05 2.64361e-04 1.94269e-06 5.18019e-05 2.52384e-04 3.56088e-04 1.09962e-04 4.91552e-04 1.72438e-06 3.10220e-04 5.41077e-04 1.86415e-05 7.76799e-05 7.30605e-05 
5.72338e-05 5.16173e-06 8.37846e-06 3.30439e-04 1.04547e-04 9.12736e-07 1.34241e-04 1.09962e-04 4.90925e-04 8.82594e-04 2.97779e-05 5.18573e-05 4.78869e-04 8.28500e-06 2.93053e-05 2.66197e-06 
3.71060e-04 2.93880e-04 2.20315e-04 4.12666e-02 1.46772e-04 1.18487e-04 2.32529e-02 4.91552e-04 8.82594e-04 1.43152e-01 1.75255e-04 1.21229e-02 2.24685e-02 1.14900e-04 4.16247e-03 5.71031e-04 
2.27848e-06 1.82752e-06 2.22001e-04 1.16595e-04 8.59425e-07 6.40085e-07 1.15249e-04 1.72438e-06 2.97779e-05 1.75255e-04 2.80613e-04 1.57904e-04 1.05171e-04 3.82000e-07 9.54079e-05 1.47181e-06 
8.97737e-05 2.80854e-04 5.88431e-05 9.56154e-03 3.46702e-05 2.19506e-05 5.61820e-03 3.10220e-04 5.18573e-05 1.21229e-02 1.57904e-04 3.13911e-02 5.82604e-03 5.53058e-05 2.20533e-03 5.49545e-04 
6.31330e-04 6.78590e-05 5.22874e-04 2.25178e-02 6.25428e-04 7.08303e-05 4.33824e-02 5.41077e-04 4.78869e-04 2.24685e-02 1.05171e-04 5.82604e-03 9.31375e-02 2.51725e-04 1.07933e-02 1.55778e-03 
2.58961e-07 1.50853e-06 2.20015e-06 6.85950e-05 1.56270e-06 1.43859e-06 6.62754e-05 1.86415e-05 8.28500e-06 1.14900e-04 3.82000e-07 5.53058e-05 2.51725e-04 2.52571e-05 1.58937e-04 4.13486e-05 
2.09710e-04 1.51933e-04 1.42740e-04 3.69092e-03 5.88668e-05 6.16461e-06 9.85929e-03 7.76799e-05 2.93053e-05 4.16247e-03 9.54079e-05 2.20533e-03 1.07933e-02 1.58937e-04 3.05296e-02 7.44643e-04 
1.24542e-06 6.13569e-06 3.02218e-06 4.58024e-04 1.22690e-05 5.03884e-06 7.36975e-04 7.30605e-05 2.66197e-06 5.71031e-04 1.47181e-06 5.49545e-04 1.55778e-03 4.13486e-05 7.44643e-04 1.40328e-03 

