RIBOSUM

	A	C	G	U
A	2.12
C	-1.67	1.10
G	-1.31	-2.30	1.04
U	-1.25	-0.82	-1.62	1.57


	AA	AC	AG	AU	CA	CC	CG	CU	GA	GC	GG	GU	UA	UC	UG	UU
AA	-1.85
AC	-9.11	-1.43
AG	-7.98	-10.10	-2.30
AU	-4.85	-2.07	-6.14	4.42
CA	-9.45	-10.70	-10.18	-5.10	-2.08
CC	-11.22	-9.32	-13.26	-5.54	-9.74	-2.59
CG	-4.37	-5.25	-4.72	1.75	-2.93	-4.15	5.46
CU	-11.35	-10.76	-9.80	-5.11	-7.10	-5.04	-4.51	-0.70
GA	-6.86	-10.74	-7.86	-5.43	-7.26	-12.98	-4.14	-7.44	-1.06
GC	-5.38	-3.51	-5.29	2.74	-5.32	-3.08	2.23	-5.23	-4.01	5.70
GG	-8.39	-10.59	-4.83	-5.52	-11.59	-12.94	-5.02	-11.81	-6.42	-3.79	-2.12
GU	-5.65	-5.06	-6.52	0.69	-7.10	-7.56	-0.22	-5.39	-5.84	1.35	-5.97	3.35
UA	-3.91	-5.47	-5.84	1.47	-2.87	-6.11	2.79	-4.54	-4.79	1.65	-5.83	-0.72	4.79
UC	-9.32	-7.50	-8.69	-4.79	-8.59	-7.63	-5.45	-4.13	-6.58	-3.97	-10.90	-5.28	-3.32	-3.75
UG	-6.51	-7.29	-5.40	-0.67	-5.09	-7.21	1.30	-6.97	-6.44	0.01	-5.14	-2.18	0.99	-6.37	3.19
UU	-7.53	-7.55	-10.04	-2.98	-8.38	-5.19	-3.36	-4.48	-8.79	-3.13	-11.05	-4.12	-3.47	-5.22	-4.50	-0.35


BASE FREQUENCIES
2.59629e-01 2.18494e-01 2.92724e-01 2.29152e-01 

BASE PAIR FREQUENCIES
2.43712e-03 2.63952e-03 2.47444e-03 1.37050e-01 
2.21618e-03 1.21966e-03 2.55067e-01 2.44427e-03 
4.24337e-03 2.77428e-01 3.07772e-03 7.15497e-02 
1.59856e-01 1.36406e-03 7.26636e-02 4.26901e-03 


BASE MATCH FREQUENCIES
2.93204e-01 1.78089e-02 3.05879e-02 2.49453e-02 1.78089e-02 1.02272e-01 1.30010e-02 2.83048e-02 3.05879e-02 1.30010e-02 1.75788e-01 2.17766e-02 2.49453e-02 2.83048e-02 2.17766e-02 1.55887e-01 

BASE PAIR MATCH FREQUENCIES
1.26431e-03 6.91544e-06 2.02568e-05 1.39270e-04 5.45125e-06 1.34620e-06 2.08098e-04 1.29435e-06 4.41416e-05 1.03464e-04 1.71745e-05 9.02100e-05 2.66329e-04 5.28737e-06 4.96222e-05 1.91115e-05 
6.91544e-06 1.19401e-03 3.93504e-06 8.01255e-04 1.93436e-06 4.24068e-06 9.54959e-05 1.63490e-06 2.51830e-06 3.17490e-04 3.14350e-06 1.14243e-04 7.59440e-05 1.56927e-05 2.43800e-05 1.58822e-05 
2.02568e-05 3.93504e-06 1.17576e-03 6.39809e-05 3.71426e-06 3.70439e-07 1.84275e-04 4.26917e-06 2.48379e-05 1.24106e-04 2.29260e-04 5.54102e-05 7.88406e-05 9.19517e-06 1.20898e-04 3.77986e-06 
1.39270e-04 8.01255e-04 6.39809e-05 7.57076e-02 9.85866e-05 6.10202e-05 1.28320e-02 8.63319e-05 1.05043e-04 2.55021e-02 1.11361e-04 6.45067e-03 9.81901e-03 1.07343e-04 2.51503e-03 3.96597e-04 
5.45125e-06 1.93436e-06 3.71426e-06 9.85866e-05 7.61689e-04 3.17056e-06 4.75225e-04 2.06578e-05 2.80658e-05 9.07931e-05 1.57613e-06 2.77487e-05 4.61090e-04 7.34853e-06 1.11373e-04 8.91782e-06 
1.34620e-06 4.24068e-06 3.70439e-07 6.10202e-05 3.17056e-06 3.78549e-04 1.72423e-04 7.24167e-05 4.48855e-07 3.61509e-04 5.19142e-07 1.69330e-05 4.11285e-05 1.20523e-05 2.16952e-05 6.87272e-05 
2.08098e-04 9.54959e-05 1.84275e-04 1.28320e-02 4.75225e-04 1.72423e-04 1.80037e-01 1.40376e-04 2.75043e-04 1.91259e-02 1.68510e-04 3.69620e-03 2.63970e-02 7.33674e-05 1.05863e-02 3.28118e-04 
1.29435e-06 1.63490e-06 4.26917e-06 8.63319e-05 2.06578e-05 7.24167e-05 1.40376e-04 1.54696e-03 2.18732e-05 8.54073e-05 1.19187e-06 8.01250e-05 1.27751e-04 1.43519e-04 2.67729e-05 1.17781e-04 
4.41416e-05 2.51830e-06 2.48379e-05 1.05043e-04 2.80658e-05 4.48855e-07 2.75043e-04 2.18732e-05 2.76660e-03 3.01291e-04 7.62904e-05 8.88444e-05 1.63598e-04 3.98539e-05 5.88599e-05 9.04497e-06 
1.03464e-04 3.17490e-04 1.24106e-04 2.55021e-02 9.07931e-05 3.61509e-04 1.91259e-02 8.54073e-05 3.01291e-04 2.12632e-01 3.96511e-04 1.09008e-02 1.19721e-02 2.04469e-04 4.32592e-03 3.83588e-04 
1.71745e-05 3.14350e-06 2.29260e-04 1.11361e-04 1.57613e-06 5.19142e-07 1.68510e-04 1.19187e-06 7.62904e-05 3.96511e-04 1.68490e-03 9.19662e-05 8.98301e-05 2.24538e-06 1.62799e-04 2.11584e-06 
9.02100e-05 1.14243e-04 5.54102e-05 6.45067e-03 2.77487e-05 1.69330e-05 3.69620e-03 8.01250e-05 8.88444e-05 1.09008e-02 9.19662e-05 4.59001e-02 2.41686e-03 8.65222e-05 9.91500e-04 2.02770e-04 
2.66329e-04 7.59440e-05 7.88406e-05 9.81901e-03 4.61090e-04 4.11285e-05 2.63970e-02 1.27751e-04 1.63598e-04 1.19721e-02 8.98301e-05 2.41686e-03 9.82294e-02 2.98504e-04 7.95321e-03 2.82494e-04 
5.28737e-06 1.56927e-05 9.19517e-06 1.07343e-04 7.34853e-06 1.20523e-05 7.33674e-05 1.43519e-04 3.98539e-05 2.04469e-04 2.24538e-06 8.65222e-05 2.98504e-04 1.86806e-04 4.05542e-05 7.05451e-05 
4.96222e-05 2.43800e-05 1.20898e-04 2.51503e-03 1.11373e-04 2.16952e-05 1.05863e-02 2.67729e-05 5.88599e-05 4.32592e-03 1.62799e-04 9.91500e-04 7.95321e-03 4.05542e-05 4.11485e-02 1.55429e-04 
1.91115e-05 1.58822e-05 3.77986e-06 3.96597e-04 8.91782e-06 6.87272e-05 3.28118e-04 1.17781e-04 9.04497e-06 3.83588e-04 2.11584e-06 2.02770e-04 2.82494e-04 7.05451e-05 1.55429e-04 2.16314e-03 

