RIBOSUM

	A	C	G	U
A	2.32
C	-2.19	1.23
G	-1.82	-2.80	1.13
U	-1.77	-1.18	-2.13	1.79


	AA	AC	AG	AU	CA	CC	CG	CU	GA	GC	GG	GU	UA	UC	UG	UU
AA	-1.68
AC	-9.59	-1.91
AG	-8.42	-10.19	-1.77
AU	-5.15	-2.80	-5.96	4.71
CA	-9.76	-10.42	-10.56	-6.31	-2.16
CC	-12.16	-8.84	-12.62	-6.88	-9.99	-2.26
CG	-5.32	-5.97	-4.64	1.28	-3.28	-5.12	5.49
CU	-11.25	-11.34	-7.71	-5.74	-7.24	-6.65	-4.73	-0.56
GA	-8.76	-9.12	-8.12	-6.55	-8.11	-11.91	-4.05	-6.77	-0.90
GC	-5.44	-3.93	-5.70	2.39	-6.11	-4.30	1.65	-6.76	-4.23	5.69
GG	-9.91	-9.83	-5.16	-6.37	-11.22	-12.72	-4.46	-12.58	-6.85	-4.19	-1.99
GU	-6.96	-5.65	-7.40	0.32	-7.71	-7.73	-0.75	-6.47	-6.45	1.02	-6.45	3.56
UA	-4.34	-5.93	-6.57	1.21	-3.24	-7.01	2.46	-4.71	-5.38	1.12	-6.46	-1.09	5.11
UC	-11.21	-8.63	-7.99	-5.89	-7.72	-8.24	-5.75	-3.92	-6.50	-4.37	-12.05	-5.46	-2.95	-3.36
UG	-6.31	-7.39	-5.78	-1.09	-6.14	-8.85	1.12	-8.02	-7.43	-0.46	-4.77	-2.36	0.77	-6.58	3.39
UU	-9.64	-7.76	-10.75	-3.64	-8.18	-6.34	-3.90	-4.44	-11.34	-4.30	-10.54	-4.79	-3.78	-5.19	-4.74	0.02


BASE FREQUENCIES
2.53445e-01 2.23698e-01 3.00943e-01 2.21914e-01 

BASE PAIR FREQUENCIES
2.12352e-03 1.84826e-03 2.67388e-03 1.28187e-01 
1.79220e-03 1.00513e-03 2.62274e-01 2.37672e-03 
4.35917e-03 2.84995e-01 3.30748e-03 7.30737e-02 
1.54145e-01 1.33631e-03 7.26943e-02 3.80729e-03 


BASE MATCH FREQUENCIES
3.20204e-01 1.23839e-02 2.16295e-02 1.64452e-02 1.23839e-02 1.17233e-01 9.67479e-03 2.19303e-02 2.16295e-02 9.67479e-03 1.97947e-01 1.52098e-02 1.64452e-02 2.19303e-02 1.52098e-02 1.70069e-01 

BASE PAIR MATCH FREQUENCIES
1.28352e-03 4.71132e-06 1.43479e-05 1.02070e-04 4.19839e-06 7.03453e-07 1.08184e-04 1.30625e-06 1.12725e-05 9.94295e-05 6.04640e-06 3.44930e-05 1.78456e-04 1.34889e-06 5.41970e-05 3.96082e-06 
4.71132e-06 8.54438e-04 3.70468e-06 4.59287e-04 2.34075e-06 6.20936e-06 6.09805e-05 1.08732e-06 7.76188e-06 2.50071e-04 5.64390e-06 7.53591e-05 5.22285e-05 7.08217e-06 2.25948e-05 1.29238e-05 
1.43479e-05 3.70468e-06 1.70653e-03 6.87930e-05 2.87034e-06 6.05848e-07 2.06428e-04 1.80877e-05 2.09589e-05 9.89534e-05 1.92778e-04 3.00604e-05 4.52453e-05 1.49203e-05 9.27026e-05 2.18598e-06 
1.02070e-04 4.59287e-04 6.87930e-05 8.25596e-02 4.01315e-05 2.39676e-05 9.22100e-03 5.21028e-05 4.56293e-05 1.98598e-02 6.14675e-05 4.68398e-03 7.29854e-03 4.69271e-05 1.76507e-03 2.21450e-04 
4.19839e-06 2.34075e-06 2.87034e-06 4.01315e-05 7.18150e-04 2.79293e-06 3.91586e-04 1.86001e-05 1.56647e-05 5.52052e-05 2.15554e-06 1.80463e-05 3.36364e-04 1.33569e-05 5.36715e-05 9.60890e-06 
7.03453e-07 6.20936e-06 6.05848e-07 2.39676e-05 2.79293e-06 5.23080e-04 9.68769e-05 2.47097e-05 9.88928e-07 1.70871e-04 6.72303e-07 1.57448e-05 2.17724e-05 8.22891e-06 7.23037e-06 3.03164e-05 
1.08184e-04 6.09805e-05 2.06428e-04 9.22100e-03 3.91586e-04 9.68769e-05 2.03489e-01 1.25545e-04 3.10107e-04 1.42139e-02 2.77531e-04 2.68062e-03 2.08184e-02 6.21013e-05 9.78254e-03 2.21911e-04 
1.30625e-06 1.08732e-06 1.80877e-05 5.21028e-05 1.86001e-05 2.47097e-05 1.25545e-04 1.67346e-03 3.47724e-05 3.08567e-05 7.34262e-07 3.72932e-05 1.06444e-04 1.62945e-04 1.27656e-05 1.12495e-04 
1.12725e-05 7.76188e-06 2.09589e-05 4.56293e-05 1.56647e-05 9.88928e-07 3.10107e-04 3.47724e-05 3.12037e-03 2.73064e-04 5.98152e-05 5.83275e-05 1.03262e-04 4.18968e-05 2.95564e-05 1.45378e-06 
9.94295e-05 2.50071e-04 9.89534e-05 1.98598e-02 5.52052e-05 1.70871e-04 1.42139e-02 3.08567e-05 2.73064e-04 2.34595e-01 3.33535e-04 9.13196e-03 8.20490e-03 1.61675e-04 3.27151e-03 1.67855e-04 
6.04640e-06 5.64390e-06 1.92778e-04 6.14675e-05 2.15554e-06 6.72303e-07 2.77531e-04 7.34262e-07 5.98152e-05 3.33535e-04 2.06537e-03 6.90757e-05 5.79027e-05 1.06046e-06 2.21382e-04 2.99422e-06 
3.44930e-05 7.53591e-05 3.00604e-05 4.68398e-03 1.80463e-05 1.57448e-05 2.68062e-03 3.72932e-05 5.83275e-05 9.13196e-03 6.90757e-05 5.24889e-02 1.76308e-03 7.53035e-05 8.69596e-04 1.18959e-04 
1.78456e-04 5.22285e-05 4.52453e-05 7.29854e-03 3.36364e-04 2.17724e-05 2.08184e-02 1.06444e-04 1.03262e-04 8.20490e-03 5.79027e-05 1.76308e-03 1.09066e-01 3.61462e-04 6.40473e-03 2.01991e-04 
1.34889e-06 7.08217e-06 1.49203e-05 4.69271e-05 1.33569e-05 8.22891e-06 6.21013e-05 1.62945e-04 4.18968e-05 1.61675e-04 1.06046e-06 7.53035e-05 3.61462e-04 2.39640e-04 3.46539e-05 6.68654e-05 
5.41970e-05 2.25948e-05 9.27026e-05 1.76507e-03 5.36715e-05 7.23037e-06 9.78254e-03 1.27656e-05 2.95564e-05 3.27151e-03 2.21382e-04 8.69596e-04 6.40473e-03 3.46539e-05 4.67537e-02 1.22675e-04 
3.96082e-06 1.29238e-05 2.18598e-06 2.21450e-04 9.60890e-06 3.03164e-05 2.21911e-04 1.12495e-04 1.45378e-06 1.67855e-04 2.99422e-06 1.18959e-04 2.01991e-04 6.68654e-05 1.22675e-04 2.45814e-03 

