RIBOSUM

	A	C	G	U
A	1.72
C	-0.93	0.89
G	-0.69	-1.27	0.82
U	-0.75	-0.49	-0.95	1.10


	AA	AC	AG	AU	CA	CC	CG	CU	GA	GC	GG	GU	UA	UC	UG	UU
AA	-3.06
AC	-7.66	-1.38
AG	-8.28	-10.65	-3.20
AU	-4.30	-1.77	-5.43	3.92
CA	-10.15	-10.96	-10.60	-5.05	-3.16
CC	-11.28	-7.45	-13.02	-2.86	-10.43	-3.68
CG	-3.31	-4.04	-3.36	2.28	-2.67	-3.92	5.29
CU	-11.68	-8.90	-8.18	-3.83	-7.88	-5.29	-3.90	-1.47
GA	-7.74	-10.33	-8.66	-4.32	-7.22	-11.40	-4.35	-7.43	-2.03
GC	-4.38	-3.30	-5.08	3.12	-4.07	-2.73	3.10	-2.16	-2.14	5.60
GG	-9.30	-10.39	-4.42	-4.83	-11.19	-12.04	-4.56	-9.35	-6.47	-3.48	-2.20
GU	-4.99	-3.85	-6.00	0.76	-6.45	-6.60	0.60	-4.22	-5.28	1.66	-5.39	3.03
UA	-2.67	-4.79	-2.98	1.88	-2.95	-5.21	3.16	-4.18	-4.32	2.20	-5.62	0.11	4.34
UC	-9.99	-7.81	-8.64	-4.22	-8.99	-7.97	-4.41	-5.25	-7.56	-3.22	-10.34	-4.71	-3.71	-5.02
UG	-3.71	-6.00	-5.78	-0.50	-5.34	-6.96	1.40	-5.73	-6.52	0.49	-4.77	-1.24	0.97	-4.45	3.00
UU	-8.82	-7.51	-10.22	-2.81	-8.89	-6.15	-2.45	-5.21	-9.76	-2.42	-10.24	-3.16	-1.71	-6.32	-3.54	-1.59


BASE FREQUENCIES
2.65306e-01 2.12715e-01 2.84196e-01 2.37782e-01 

BASE PAIR FREQUENCIES
2.87799e-03 2.92606e-03 2.55884e-03 1.46375e-01 
2.33950e-03 1.26287e-03 2.44232e-01 2.92398e-03 
3.99978e-03 2.68462e-01 2.99747e-03 7.18072e-02 
1.67572e-01 1.40171e-03 7.36484e-02 4.61523e-03 


BASE MATCH FREQUENCIES
2.31431e-01 2.96503e-02 4.68947e-02 3.76089e-02 2.96503e-02 8.40624e-02 2.50048e-02 3.60313e-02 4.68947e-02 2.50048e-02 1.42820e-01 3.50732e-02 3.76089e-02 3.60313e-02 3.50732e-02 1.21161e-01 

BASE PAIR MATCH FREQUENCIES
5.92337e-04 1.96879e-05 1.70908e-05 2.25358e-04 3.50217e-06 1.28222e-06 4.28778e-04 1.08645e-06 2.49082e-05 2.04603e-04 9.02783e-06 1.49414e-04 6.97237e-04 3.51025e-06 3.63960e-04 8.78769e-06 
1.96879e-05 1.21976e-03 2.65202e-06 1.04223e-03 1.60082e-06 1.46243e-05 2.06768e-04 5.98023e-06 3.30092e-06 3.47041e-04 3.39617e-06 2.64988e-04 1.28643e-04 1.27578e-05 5.96967e-05 1.74976e-05 
1.70908e-05 2.65202e-06 6.17466e-04 1.10014e-04 2.73717e-06 4.10948e-07 4.44699e-04 1.31472e-05 1.40599e-05 1.34765e-04 2.85373e-04 7.98228e-05 6.03189e-04 9.57304e-06 9.28646e-05 3.58499e-06 
2.25358e-04 1.04223e-03 1.10014e-04 6.01707e-02 1.07374e-04 3.92618e-04 1.84964e-02 2.24726e-04 2.37993e-04 3.30732e-02 1.78808e-04 7.23209e-03 1.46665e-02 1.71698e-04 3.02357e-03 5.09003e-04 
3.50217e-06 1.60082e-06 2.73717e-06 1.07374e-04 3.57408e-04 1.84462e-06 5.35007e-04 1.21088e-05 2.84485e-05 2.03606e-04 1.94759e-06 4.35124e-05 4.59777e-04 5.60694e-06 9.39228e-05 6.70970e-06 
1.28222e-06 1.46243e-05 4.10948e-07 3.92618e-04 1.84462e-06 1.59615e-04 1.80929e-04 5.86752e-05 1.25942e-06 4.10903e-04 8.68466e-07 3.14719e-05 7.69489e-05 9.11884e-06 2.44955e-05 3.60623e-05 
4.28778e-04 2.06768e-04 4.44699e-04 1.84964e-02 5.35007e-04 1.80929e-04 1.43328e-01 2.04768e-04 2.22922e-04 3.12331e-02 2.06418e-04 6.17295e-03 3.40273e-02 1.43559e-04 1.08064e-02 6.27638e-04 
1.08645e-06 5.98023e-06 1.31472e-05 2.24726e-04 1.21088e-05 5.86752e-05 2.04768e-04 9.23663e-04 2.20767e-05 6.84484e-04 6.25265e-06 1.83033e-04 1.76221e-04 6.73172e-05 6.45181e-05 7.70113e-05 
2.49082e-05 3.30092e-06 1.40599e-05 2.37993e-04 2.84485e-05 1.25942e-06 2.22922e-04 2.20767e-05 1.39512e-03 1.03165e-03 6.86044e-05 1.31156e-04 2.38341e-04 2.02224e-05 5.55726e-05 4.93186e-06 
2.04603e-04 3.47041e-04 1.34765e-04 3.30732e-02 2.03606e-04 4.10903e-04 3.12331e-02 6.84484e-04 1.03165e-03 1.77508e-01 4.37945e-04 1.28821e-02 1.75518e-02 3.27869e-04 5.72558e-03 6.36551e-04 
9.02783e-06 3.39617e-06 2.85373e-04 1.78808e-04 1.94759e-06 8.68466e-07 2.06418e-04 6.25265e-06 6.86044e-05 4.37945e-04 1.42134e-03 1.30173e-04 1.03595e-04 3.15327e-06 2.00283e-04 3.78515e-06 
1.49414e-04 2.64988e-04 7.98228e-05 7.23209e-03 4.35124e-05 3.14719e-05 6.17295e-03 1.83033e-04 1.31156e-04 1.28821e-02 1.30173e-04 3.73833e-02 4.59631e-03 1.30590e-04 1.93000e-03 4.27866e-04 
6.97237e-04 1.28643e-04 6.03189e-04 1.46665e-02 4.59777e-04 7.69489e-05 3.40273e-02 1.76221e-04 2.38341e-04 1.75518e-02 1.03595e-04 4.59631e-03 8.04444e-02 2.43515e-04 8.37773e-03 1.08968e-03 
3.51025e-06 1.27578e-05 9.57304e-06 1.71698e-04 5.60694e-06 9.11884e-06 1.43559e-04 6.73172e-05 2.02224e-05 3.27869e-04 3.15327e-06 1.30590e-04 2.43515e-04 7.88021e-05 1.56432e-04 3.59064e-05 
3.63960e-04 5.96967e-05 9.28646e-05 3.02357e-03 9.39228e-05 2.44955e-05 1.08064e-02 6.45181e-05 5.55726e-05 5.72558e-03 2.00283e-04 1.93000e-03 8.37773e-03 1.56432e-04 3.65443e-02 3.27463e-04 
8.78769e-06 1.74976e-05 3.58499e-06 5.09003e-04 6.70970e-06 3.60623e-05 6.27638e-04 7.70113e-05 4.93186e-06 6.36551e-04 3.78515e-06 4.27866e-04 1.08968e-03 3.59064e-05 3.27463e-04 1.06500e-03 

