RIBOSUM

	A	C	G	U
A	1.45
C	-0.71	0.87
G	-0.52	-1.09	0.80
U	-0.58	-0.36	-0.80	0.87


	AA	AC	AG	AU	CA	CC	CG	CU	GA	GC	GG	GU	UA	UC	UG	UU
AA	-3.61
AC	-5.92	-1.70
AG	-10.48	-11.19	-4.35
AU	-4.42	-1.78	-5.05	3.73
CA	-10.65	-10.92	-11.48	-5.44	-3.34
CC	-9.89	-5.65	-12.68	-2.97	-11.52	-3.88
CG	-3.34	-3.93	-2.23	2.34	-1.88	-4.50	5.40
CU	-11.35	-8.10	-6.49	-3.25	-8.24	-4.52	-3.04	-1.46
GA	-7.61	-9.56	-9.61	-3.61	-6.33	-10.24	-4.47	-8.16	-2.64
GC	-3.72	-2.99	-4.36	3.25	-3.78	-2.54	3.16	-2.34	-1.75	5.71
GG	-11.05	-10.94	-4.91	-4.55	-11.51	-11.70	-4.35	-7.16	-7.57	-4.02	-2.65
GU	-5.70	-3.52	-6.11	0.86	-7.04	-5.81	0.78	-3.70	-5.47	1.87	-4.78	2.88
UA	-3.12	-4.00	-2.86	1.92	-2.92	-4.02	3.37	-3.33	-3.49	2.41	-5.29	0.17	4.13
UC	-11.03	-9.15	-9.40	-4.63	-9.68	-6.94	-4.08	-5.38	-7.69	-2.88	-8.38	-4.87	-3.06	-5.37
UG	-3.53	-5.49	-5.76	-0.42	-5.88	-6.33	1.63	-5.35	-7.56	0.63	-4.95	-1.03	1.03	-3.93	2.88
UU	-9.72	-6.92	-10.37	-3.34	-8.53	-6.42	-1.73	-5.14	-10.98	-2.57	-10.33	-3.04	-1.79	-6.18	-3.14	-1.62


BASE FREQUENCIES
2.76301e-01 2.02981e-01 2.68947e-01 2.51771e-01 

BASE PAIR FREQUENCIES
2.94678e-03 2.92568e-03 2.69059e-03 1.62228e-01 
2.38947e-03 1.25604e-03 2.25451e-01 3.37167e-03 
3.92410e-03 2.51486e-01 2.54998e-03 7.27626e-02 
1.84784e-01 1.67034e-03 7.41536e-02 5.40974e-03 


BASE MATCH FREQUENCIES
2.09218e-01 3.42830e-02 5.17768e-02 4.63902e-02 3.42830e-02 7.52453e-02 2.56900e-02 3.97537e-02 5.17768e-02 2.56900e-02 1.26286e-01 3.87965e-02 4.63902e-02 3.97537e-02 3.87965e-02 1.15870e-01 

BASE PAIR MATCH FREQUENCIES
4.76618e-04 7.09116e-05 3.95994e-06 2.47936e-04 2.65585e-06 3.31853e-06 4.12774e-04 1.49852e-06 2.90988e-05 3.17208e-04 2.60769e-06 9.92694e-05 6.11196e-04 1.86681e-06 4.47464e-04 5.74499e-06 
7.09116e-05 9.70143e-04 1.77945e-06 1.13235e-03 1.62692e-06 4.60016e-05 2.00542e-04 1.04456e-05 5.51066e-06 3.84669e-04 2.06705e-06 3.30836e-04 2.44419e-04 5.04023e-06 8.42560e-05 2.93017e-05 
3.95994e-06 1.77945e-06 2.71205e-04 1.56489e-04 1.45536e-06 4.67142e-07 8.67028e-04 4.22055e-05 7.07806e-06 1.97560e-04 1.79133e-04 7.26103e-05 7.10718e-04 5.63236e-06 9.28210e-05 3.55901e-06 
2.47936e-04 1.13235e-03 1.56489e-04 6.43405e-02 9.00291e-05 3.64734e-04 1.92870e-02 3.73866e-04 4.23736e-04 3.62049e-02 2.15322e-04 8.52823e-03 1.82720e-02 1.43842e-04 3.51200e-03 4.35924e-04 
2.65585e-06 1.62692e-06 1.45536e-06 9.00291e-05 3.11669e-04 7.84770e-07 8.29741e-04 9.48444e-06 5.18182e-05 2.23197e-04 1.39020e-06 2.89159e-05 5.14913e-04 3.50080e-06 6.47004e-05 9.59196e-06 
3.31853e-06 4.60016e-05 4.67142e-07 3.64734e-04 7.84770e-07 1.15694e-04 9.96170e-05 9.16624e-05 2.53054e-06 3.87944e-04 8.98633e-07 4.96299e-05 1.76262e-04 1.71034e-05 3.47773e-05 3.05075e-05 
4.12774e-04 2.00542e-04 8.67028e-04 1.92870e-02 8.29741e-04 9.96170e-05 1.25530e-01 3.38656e-04 1.83082e-04 2.66315e-02 1.93762e-04 6.36228e-03 3.93551e-02 1.64937e-04 1.14020e-02 1.04217e-03 
1.49852e-06 1.04456e-05 4.22055e-05 3.73866e-04 9.48444e-06 9.16624e-05 3.38656e-04 9.51272e-04 1.32909e-05 5.51673e-04 2.57654e-05 2.65615e-04 3.54045e-04 6.28941e-05 8.47022e-05 9.16980e-05 
2.90988e-05 5.51066e-06 7.07806e-06 4.23736e-04 5.18182e-05 2.53054e-06 1.83082e-04 1.32909e-05 8.85841e-04 1.20965e-03 2.81967e-05 1.13283e-04 4.60216e-04 1.84209e-05 2.65743e-05 2.32438e-06 
3.17208e-04 3.84669e-04 1.97560e-04 3.62049e-02 2.23197e-04 3.87944e-04 2.66315e-02 5.51673e-04 1.20965e-03 1.55727e-01 2.42719e-04 1.35344e-02 2.01336e-02 3.79635e-04 5.71745e-03 5.83238e-04 
2.60769e-06 2.06705e-06 1.79133e-04 2.15322e-04 1.39020e-06 8.98633e-07 1.93762e-04 2.57654e-05 2.81967e-05 2.42719e-04 8.31762e-04 1.78810e-04 1.29056e-04 1.10625e-05 1.58348e-04 3.56767e-06 
9.92694e-05 3.30836e-04 7.26103e-05 8.52823e-03 2.89159e-05 4.96299e-05 6.36228e-03 2.65615e-04 1.13283e-04 1.35344e-02 1.78810e-04 3.37341e-02 5.31101e-03 1.18276e-04 2.24705e-03 5.20518e-04 
6.11196e-04 2.44419e-04 7.10718e-04 1.82720e-02 5.14913e-04 1.76262e-04 3.93551e-02 3.54045e-04 4.60216e-04 2.01336e-02 1.29056e-04 5.31101e-03 8.49555e-02 4.27012e-04 9.60420e-03 1.27629e-03 
1.86681e-06 5.04023e-06 5.63236e-06 1.43842e-04 3.50080e-06 1.71034e-05 1.64937e-04 6.28941e-05 1.84209e-05 3.79635e-04 1.10625e-05 1.18276e-04 4.27012e-04 6.29736e-05 2.26883e-04 4.47797e-05 
4.47464e-04 8.42560e-05 9.28210e-05 3.51200e-03 6.47004e-05 3.47773e-05 1.14020e-02 8.47022e-05 2.65743e-05 5.71745e-03 1.58348e-04 2.24705e-03 9.60420e-03 2.26883e-04 3.37869e-02 4.86740e-04 
5.74499e-06 2.93017e-05 3.55901e-06 4.35924e-04 9.59196e-06 3.05075e-05 1.04217e-03 9.16980e-05 2.32438e-06 5.83238e-04 3.56767e-06 5.20518e-04 1.27629e-03 4.47797e-05 4.86740e-04 1.30852e-03 

