RIBOSUM

	A	C	G	U
A	2.39
C	-3.01	1.47
G	-2.63	-3.49	1.28
U	-2.60	-1.72	-2.90	1.91


	AA	AC	AG	AU	CA	CC	CG	CU	GA	GC	GG	GU	UA	UC	UG	UU
AA	-1.09
AC	-9.14	-1.07
AG	-6.89	-9.36	-1.56
AU	-5.42	-4.38	-5.85	5.01
CA	-8.62	-10.37	-9.21	-7.30	-1.31
CC	-9.43	-7.15	-9.92	-6.98	-9.25	-1.58
CG	-6.25	-6.90	-4.79	0.08	-3.57	-5.04	5.73
CU	-11.95	-11.21	-9.58	-5.51	-8.30	-6.72	-4.76	-0.03
GA	-8.25	-7.21	-6.89	-7.28	-6.54	-13.04	-7.02	-13.23	-0.67
GC	-5.62	-4.16	-7.24	1.51	-6.31	-4.59	0.49	-7.42	-5.27	5.88
GG	-11.02	-11.02	-5.88	-7.58	-12.25	-14.01	-5.26	-13.56	-7.63	-5.20	-1.71
GU	-7.10	-5.60	-8.62	-0.19	-8.55	-8.70	-1.61	-6.40	-6.19	0.47	-6.78	3.73
UA	-4.82	-6.68	-7.27	0.01	-3.79	-7.58	1.64	-6.27	-6.32	-0.10	-7.27	-2.31	5.28
UC	-9.93	-7.80	-9.30	-6.86	-10.05	-6.98	-6.57	-5.47	-12.53	-4.79	-11.98	-6.24	-4.69	-1.99
UG	-6.69	-7.65	-6.81	-2.20	-5.36	-9.21	0.76	-7.91	-8.74	-1.72	-6.40	-3.05	0.06	-6.27	3.64
UU	-9.44	-7.44	-9.97	-3.87	-8.84	-6.40	-4.74	-6.72	-12.10	-4.60	-12.09	-4.76	-4.14	-5.00	-5.28	0.10


BASE FREQUENCIES
2.52779e-01 2.21236e-01 2.95059e-01 2.30925e-01 

BASE PAIR FREQUENCIES
2.54549e-03 2.12164e-03 2.58299e-03 1.33855e-01 
2.14992e-03 1.26453e-03 2.58050e-01 2.96063e-03 
4.05501e-03 2.77125e-01 2.97369e-03 7.47333e-02 
1.55884e-01 1.26330e-03 7.42743e-02 4.16115e-03 


BASE MATCH FREQUENCIES
3.34688e-01 6.94655e-03 1.20877e-02 9.61484e-03 6.94655e-03 1.35183e-01 5.80531e-03 1.55564e-02 1.20877e-02 5.80531e-03 2.10827e-01 9.15369e-03 9.61484e-03 1.55564e-02 9.15369e-03 2.00973e-01 

BASE PAIR MATCH FREQUENCIES
1.92127e-03 6.33947e-06 4.00801e-05 8.68548e-05 9.08288e-06 4.53503e-06 5.49094e-05 8.25747e-07 1.56806e-05 8.45740e-05 2.68268e-06 3.18423e-05 1.31874e-04 3.33614e-06 4.22518e-05 4.89159e-06 
6.33947e-06 1.49344e-03 6.34841e-06 1.56461e-04 2.36554e-06 1.92776e-05 3.06662e-05 1.20827e-06 2.81388e-05 2.04544e-04 2.35045e-06 7.86955e-05 3.19412e-05 1.28044e-05 1.90171e-05 1.71798e-05 
4.00801e-05 6.34841e-06 1.88493e-03 7.55550e-05 7.05211e-06 3.76166e-06 1.75392e-04 4.96859e-06 4.70146e-05 3.20967e-05 1.10390e-04 1.29593e-05 2.81273e-05 6.03239e-06 4.52115e-05 3.96181e-06 
8.68548e-05 1.56461e-04 7.55550e-05 1.10092e-01 2.06583e-05 2.26176e-05 4.03101e-03 6.54111e-05 2.79968e-05 1.08722e-02 2.65449e-05 3.49603e-03 3.42864e-03 2.57312e-05 8.66016e-04 2.13605e-04 
9.08288e-06 2.36554e-06 7.05211e-06 2.06583e-05 1.26071e-03 4.49155e-06 3.08154e-04 9.05088e-06 4.47778e-05 4.59263e-05 1.00273e-06 1.01504e-05 2.36595e-04 2.69975e-06 9.28329e-05 6.49568e-06 
4.53503e-06 1.92776e-05 3.76166e-06 2.26176e-05 4.49155e-06 8.03760e-04 9.73291e-05 2.37080e-05 4.34646e-07 1.32723e-04 2.57580e-07 8.03056e-06 1.49508e-05 1.98698e-05 5.64667e-06 3.09957e-05 
5.49094e-05 3.06662e-05 1.75392e-04 4.03101e-03 3.08154e-04 9.73291e-05 2.25511e-01 1.22955e-04 3.73990e-05 5.98202e-03 1.48153e-04 1.45584e-03 1.18704e-02 3.50936e-05 7.51728e-03 1.30412e-04 
8.25747e-07 1.20827e-06 4.96859e-06 6.54111e-05 9.05088e-06 2.37080e-05 1.22955e-04 2.56089e-03 3.96073e-07 1.94416e-05 3.69260e-07 4.12390e-05 3.86979e-05 5.86838e-05 1.44718e-05 2.58113e-05 
1.56806e-05 2.81388e-05 4.70146e-05 2.79968e-05 4.47778e-05 4.34646e-07 3.73990e-05 3.96073e-07 3.49981e-03 1.26538e-04 3.28020e-05 6.96955e-05 5.45821e-05 6.42736e-07 1.19089e-05 9.04233e-07 
8.45740e-05 2.04544e-04 3.20967e-05 1.08722e-02 4.59263e-05 1.32723e-04 5.98202e-03 1.94416e-05 1.26538e-04 2.50556e-01 1.54600e-04 6.18204e-03 3.54481e-03 1.20168e-04 1.34851e-03 1.43715e-04 
2.68268e-06 2.35045e-06 1.10390e-04 2.65449e-05 1.00273e-06 2.57580e-07 1.48153e-04 3.69260e-07 3.28020e-05 1.54600e-04 2.32113e-03 5.41230e-05 3.29923e-05 1.09924e-06 7.02911e-05 1.06479e-06 
3.18423e-05 7.86955e-05 1.29593e-05 3.49603e-03 1.01504e-05 8.03056e-06 1.45584e-03 4.12390e-05 6.96955e-05 6.18204e-03 5.41230e-05 6.14218e-02 8.02288e-04 4.59954e-05 5.60510e-04 1.33779e-04 
1.31874e-04 3.19412e-05 2.81273e-05 3.42864e-03 2.36595e-04 1.49508e-05 1.18704e-02 3.86979e-05 5.45821e-05 3.54481e-03 3.29923e-05 8.02288e-04 1.32050e-01 1.15447e-04 4.13743e-03 1.76064e-04 
3.33614e-06 1.28044e-05 6.03239e-06 2.57312e-05 2.69975e-06 1.98698e-05 3.50936e-05 5.86838e-05 6.42736e-07 1.20168e-04 1.09924e-06 4.59954e-05 1.15447e-04 6.55585e-04 4.51337e-05 8.52402e-05 
4.22518e-05 1.90171e-05 4.52115e-05 8.66016e-04 9.28329e-05 5.64667e-06 7.51728e-03 1.44718e-05 1.19089e-05 1.34851e-03 7.02911e-05 5.60510e-04 4.13743e-03 4.51337e-05 5.78807e-02 9.32375e-05 
4.89159e-06 1.71798e-05 3.96181e-06 2.13605e-04 6.49568e-06 3.09957e-05 1.30412e-04 2.58113e-05 9.04233e-07 1.43715e-04 1.06479e-06 1.33779e-04 1.76064e-04 8.52402e-05 9.32375e-05 3.04742e-03 

