RIBOSUM

	A	C	G	U
A	2.28
C	-1.97	1.16
G	-1.60	-2.62	1.07
U	-1.54	-1.07	-1.91	1.72


	AA	AC	AG	AU	CA	CC	CG	CU	GA	GC	GG	GU	UA	UC	UG	UU
AA	-2.08
AC	-9.32	-2.10
AG	-8.29	-9.83	-1.79
AU	-4.99	-2.41	-6.08	4.55
CA	-9.84	-10.62	-10.52	-6.06	-2.59
CC	-13.21	-9.38	-13.44	-6.56	-10.63	-2.75
CG	-5.20	-5.83	-4.87	1.61	-3.45	-5.02	5.40
CU	-11.49	-9.58	-8.14	-5.31	-7.70	-6.12	-4.62	-0.90
GA	-8.30	-9.09	-7.61	-6.23	-8.15	-12.33	-3.96	-6.97	-0.94
GC	-5.24	-3.79	-5.47	2.58	-5.94	-4.12	2.01	-6.17	-4.06	5.64
GG	-9.60	-9.30	-5.69	-6.02	-11.26	-12.66	-4.60	-12.22	-6.45	-3.93	-1.97
GU	-6.64	-4.84	-6.99	0.39	-7.56	-7.82	-0.43	-5.50	-6.31	1.15	-5.94	3.51
UA	-4.39	-5.76	-6.32	1.51	-3.05	-6.80	2.66	-4.29	-5.19	1.46	-6.23	-0.79	5.01
UC	-11.05	-8.19	-8.00	-5.46	-7.99	-7.92	-5.60	-3.87	-6.51	-4.46	-11.80	-5.19	-2.90	-3.36
UG	-6.22	-7.34	-5.81	-0.80	-6.14	-8.48	1.13	-7.30	-7.19	-0.18	-4.66	-2.25	0.91	-6.19	3.31
UU	-9.77	-7.11	-9.96	-3.73	-8.55	-6.41	-3.64	-4.29	-11.23	-4.03	-10.82	-4.82	-3.55	-5.39	-4.45	-0.09


BASE FREQUENCIES
2.53858e-01 2.23801e-01 3.01482e-01 2.20860e-01 

BASE PAIR FREQUENCIES
1.84957e-03 1.97013e-03 2.76703e-03 1.27791e-01 
1.61716e-03 8.92670e-04 2.61628e-01 2.22225e-03 
4.42576e-03 2.86059e-01 3.42046e-03 7.30727e-02 
1.54802e-01 1.35712e-03 7.23829e-02 3.74141e-03 


BASE MATCH FREQUENCIES
3.13355e-01 1.45104e-02 2.52092e-02 1.92459e-02 1.45104e-02 1.11671e-01 1.09416e-02 2.36150e-02 2.52092e-02 1.09416e-02 1.91337e-01 1.77074e-02 1.92459e-02 2.36150e-02 1.77074e-02 1.61178e-01 

BASE PAIR MATCH FREQUENCIES
9.85632e-04 5.73306e-06 1.57828e-05 1.13602e-04 3.99658e-06 3.40345e-07 1.17907e-04 1.10627e-06 1.56086e-05 1.15405e-04 7.56368e-06 4.29082e-05 1.72836e-04 1.49929e-06 5.75055e-05 3.61187e-06 
5.73306e-06 7.50565e-04 4.76861e-06 5.99406e-04 2.04779e-06 4.26478e-06 6.72362e-05 3.67507e-06 7.97012e-06 2.77575e-04 8.19713e-06 1.31658e-04 5.86222e-05 9.62441e-06 2.33786e-05 2.00853e-05 
1.57828e-05 4.76861e-06 1.69169e-03 6.32128e-05 2.97024e-06 3.45156e-07 1.76285e-04 1.34329e-05 2.98849e-05 1.16201e-04 1.34885e-04 4.01363e-05 5.36556e-05 1.48253e-05 9.10676e-05 3.74598e-06 
1.13602e-04 5.99406e-04 6.32128e-05 7.37985e-02 4.78356e-05 2.97447e-05 1.15315e-02 7.00446e-05 5.71283e-05 2.26115e-02 7.86560e-05 4.90235e-03 8.96128e-03 6.30045e-05 2.14745e-03 2.06623e-04 
3.99658e-06 2.04779e-06 2.97024e-06 4.78356e-05 5.36635e-04 1.79891e-06 3.51058e-04 1.35020e-05 1.52743e-05 6.24847e-05 2.10005e-06 2.00970e-05 3.84107e-04 1.10475e-05 5.35186e-05 7.41759e-06 
3.40345e-07 4.26478e-06 3.45156e-07 2.97447e-05 1.79891e-06 3.74087e-04 1.04204e-04 3.55261e-05 7.45256e-07 1.94429e-04 7.01180e-07 1.47200e-05 2.52012e-05 1.02154e-05 9.31215e-06 2.87100e-05 
1.17907e-04 6.72362e-05 1.76285e-04 1.15315e-02 3.51058e-04 1.04204e-04 1.92799e-01 1.35397e-04 3.31043e-04 1.83750e-02 2.52283e-04 3.33557e-03 2.38406e-02 6.87674e-05 9.83787e-03 2.64383e-04 
1.10627e-06 3.67507e-06 1.34329e-05 7.00446e-05 1.35020e-05 3.55261e-05 1.35397e-04 1.30579e-03 3.01318e-05 4.62895e-05 9.38475e-07 7.28250e-05 1.41365e-04 1.67433e-04 2.08273e-05 1.23242e-04 
1.56086e-05 7.97012e-06 2.98849e-05 5.71283e-05 1.52743e-05 7.45256e-07 3.31043e-04 3.01318e-05 3.04316e-03 3.10294e-04 7.97294e-05 6.41583e-05 1.17172e-04 4.15841e-05 3.49066e-05 1.55258e-06 
1.15405e-04 2.77575e-04 1.16201e-04 2.26115e-02 6.24847e-05 1.94429e-04 1.83750e-02 4.62895e-05 3.10294e-04 2.26368e-01 4.03564e-04 9.98543e-03 1.04157e-02 1.51470e-04 3.96159e-03 2.00874e-04 
7.56368e-06 8.19713e-06 1.34885e-04 7.86560e-05 2.10005e-06 7.01180e-07 2.52283e-04 9.38475e-07 7.97294e-05 4.03564e-04 2.10815e-03 9.87582e-05 6.80236e-05 1.26367e-06 2.38870e-04 2.44585e-06 
4.29082e-05 1.31658e-04 4.01363e-05 4.90235e-03 2.00970e-05 1.47200e-05 3.33557e-03 7.28250e-05 6.41583e-05 9.98543e-03 9.87582e-05 5.03820e-02 2.15352e-03 9.02639e-05 9.34763e-04 1.15049e-04 
1.72836e-04 5.86222e-05 5.36556e-05 8.96128e-03 3.84107e-04 2.52012e-05 2.38406e-02 1.41365e-04 1.17172e-04 1.04157e-02 6.80236e-05 2.15352e-03 1.01238e-01 3.70015e-04 6.99436e-03 2.34245e-04 
1.49929e-06 9.62441e-06 1.48253e-05 6.30045e-05 1.10475e-05 1.02154e-05 6.87674e-05 1.67433e-04 4.15841e-05 1.51470e-04 1.26367e-06 9.02639e-05 3.70015e-04 2.37606e-04 4.51882e-05 5.76241e-05 
5.75055e-05 2.33786e-05 9.10676e-05 2.14745e-03 5.35186e-05 9.31215e-06 9.83787e-03 2.08273e-05 3.49066e-05 3.96159e-03 2.38870e-04 9.34763e-04 6.99436e-03 4.51882e-05 4.40371e-02 1.48272e-04 
3.61187e-06 2.00853e-05 3.74598e-06 2.06623e-04 7.41759e-06 2.87100e-05 2.64383e-04 1.23242e-04 1.55258e-06 2.00874e-04 2.44585e-06 1.15049e-04 2.34245e-04 5.76241e-05 1.48272e-04 2.23973e-03 

