RIBOSUM

	A	C	G	U
A	1.57
C	-0.81	0.88
G	-0.58	-1.16	0.81
U	-0.64	-0.42	-0.86	0.97


	AA	AC	AG	AU	CA	CC	CG	CU	GA	GC	GG	GU	UA	UC	UG	UU
AA	-3.49
AC	-6.85	-1.41
AG	-7.66	-11.13	-4.64
AU	-3.76	-1.72	-4.67	3.80
CA	-9.76	-11.04	-10.61	-5.08	-3.42
CC	-10.84	-6.19	-12.86	-3.06	-11.08	-4.01
CG	-3.28	-3.84	-2.46	2.34	-2.42	-3.72	5.32
CU	-11.78	-8.21	-7.17	-3.68	-9.07	-5.18	-3.42	-1.57
GA	-8.43	-9.97	-8.91	-3.97	-6.73	-10.76	-4.38	-8.75	-2.63
GC	-3.68	-3.10	-4.50	3.25	-4.27	-2.42	3.18	-2.34	-1.94	5.63
GG	-10.44	-10.34	-4.52	-4.35	-10.81	-11.93	-4.02	-8.19	-6.07	-3.29	-2.15
GU	-4.25	-3.23	-5.49	0.82	-6.25	-6.30	0.69	-3.93	-5.08	1.80	-5.26	2.90
UA	-2.97	-4.30	-3.05	1.91	-2.88	-4.75	3.27	-3.78	-3.91	2.37	-5.36	0.21	4.22
UC	-10.17	-8.62	-8.76	-4.65	-10.20	-7.88	-4.25	-5.78	-8.06	-3.28	-9.35	-5.01	-3.43	-5.71
UG	-3.63	-5.73	-5.69	-0.44	-5.07	-6.95	1.50	-5.32	-6.72	0.65	-5.00	-1.06	1.01	-4.14	2.92
UU	-10.10	-6.59	-10.78	-3.02	-8.82	-6.62	-2.00	-5.18	-10.91	-2.33	-9.91	-3.20	-1.71	-5.74	-3.31	-1.96


BASE FREQUENCIES
2.71639e-01 2.06676e-01 2.77202e-01 2.44483e-01 

BASE PAIR FREQUENCIES
3.15307e-03 3.15554e-03 2.59861e-03 1.54816e-01 
2.16327e-03 1.23451e-03 2.33580e-01 2.95767e-03 
3.83945e-03 2.59624e-01 3.05328e-03 7.22031e-02 
1.77314e-01 1.40928e-03 7.40758e-02 4.82188e-03 


BASE MATCH FREQUENCIES
2.18414e-01 3.19210e-02 5.02033e-02 4.24990e-02 3.19210e-02 7.88351e-02 2.57163e-02 3.77429e-02 5.02033e-02 2.57163e-02 1.34723e-01 3.74253e-02 4.24990e-02 3.77429e-02 3.74253e-02 1.17012e-01 

BASE PAIR MATCH FREQUENCIES
4.85924e-04 3.59662e-05 2.74583e-05 3.61147e-04 4.79188e-06 1.72336e-06 4.35137e-04 1.05998e-06 1.60983e-05 3.29662e-04 4.09344e-06 2.62159e-04 6.24294e-04 3.24512e-06 4.04345e-04 4.01310e-06 
3.59662e-05 1.18210e-03 1.88151e-06 1.12991e-03 1.49907e-06 3.28570e-05 2.24173e-04 9.55797e-06 4.22757e-06 3.75770e-04 3.33132e-06 4.04526e-04 1.89166e-04 7.19335e-06 7.18276e-05 3.49238e-05 
2.74583e-05 1.88151e-06 2.27010e-04 1.96015e-04 2.70028e-06 4.31737e-07 7.82711e-04 2.64965e-05 1.17919e-05 1.90801e-04 2.51993e-04 1.13599e-04 6.05866e-04 8.79618e-06 9.90344e-05 2.55260e-06 
3.61147e-04 1.12991e-03 1.96015e-04 6.12574e-02 1.10030e-04 3.39441e-04 1.92735e-02 2.62295e-04 3.19301e-04 3.62943e-02 2.50367e-04 7.95842e-03 1.66233e-02 1.33459e-04 3.31024e-03 4.88588e-04 
4.79188e-06 1.49907e-06 2.70028e-06 1.10030e-04 2.95015e-04 1.10855e-06 5.99662e-04 5.29627e-06 3.97127e-05 1.66317e-04 2.39841e-06 5.00342e-05 5.06126e-04 2.40612e-06 1.13147e-04 7.40376e-06 
1.72336e-06 3.28570e-05 4.31737e-07 3.39441e-04 1.10855e-06 1.13285e-04 1.85311e-04 5.95106e-05 1.85947e-06 4.57339e-04 8.40869e-07 3.66510e-05 1.05661e-04 9.18208e-06 2.34581e-05 2.58746e-05 
4.35137e-04 2.24173e-04 7.82711e-04 1.92735e-02 5.99662e-04 1.85311e-04 1.30737e-01 2.70280e-04 2.06509e-04 2.97590e-02 2.70814e-04 6.27126e-03 3.68047e-02 1.52636e-04 1.09488e-02 8.55467e-04 
1.05998e-06 9.55797e-06 2.64965e-05 2.62295e-04 5.29627e-06 5.95106e-05 2.70280e-04 8.59225e-04 8.84206e-06 5.72437e-04 1.33413e-05 2.25342e-04 2.43606e-04 4.64088e-05 8.59630e-05 8.33529e-05 
1.60983e-05 4.22757e-06 1.17919e-05 3.19301e-04 3.97127e-05 1.85947e-06 2.06509e-04 8.84206e-06 9.18937e-04 1.12184e-03 8.58594e-05 1.50663e-04 3.33159e-04 1.42455e-05 4.85191e-05 2.34500e-06 
3.29662e-04 3.75770e-04 1.90801e-04 3.62943e-02 1.66317e-04 4.57339e-04 2.97590e-02 5.72437e-04 1.12184e-03 1.62668e-01 4.49749e-04 1.34971e-02 1.96222e-02 2.98663e-04 6.09396e-03 6.80051e-04 
4.09344e-06 3.33132e-06 2.51993e-04 2.50367e-04 2.39841e-06 8.40869e-07 2.70814e-04 1.33413e-05 8.58594e-05 4.49749e-04 1.33225e-03 1.36344e-04 1.24314e-04 5.94605e-06 1.63260e-04 4.76404e-06 
2.62159e-04 4.04526e-04 1.13599e-04 7.95842e-03 5.00342e-05 3.66510e-05 6.27126e-03 2.25342e-04 1.50663e-04 1.34971e-02 1.36344e-04 3.43590e-02 5.21698e-03 1.06600e-04 2.20636e-03 4.40727e-04 
6.24294e-04 1.89166e-04 6.05866e-04 1.66233e-02 5.06126e-04 1.05661e-04 3.68047e-02 2.43606e-04 3.33159e-04 1.96222e-02 1.24314e-04 5.21698e-03 8.19871e-02 3.11549e-04 9.08135e-03 1.21434e-03 
3.24512e-06 7.19335e-06 8.79618e-06 1.33459e-04 2.40612e-06 9.18208e-06 1.52636e-04 4.64088e-05 1.42455e-05 2.98663e-04 5.94605e-06 1.06600e-04 3.11549e-04 4.86671e-05 1.93856e-04 5.64676e-05 
4.04345e-04 7.18276e-05 9.90344e-05 3.31024e-03 1.13147e-04 2.34581e-05 1.09488e-02 8.59630e-05 4.85191e-05 6.09396e-03 1.63260e-04 2.20636e-03 9.08135e-03 1.93856e-04 3.47133e-02 4.07165e-04 
4.01310e-06 3.49238e-05 2.55260e-06 4.88588e-04 7.40376e-06 2.58746e-05 8.55467e-04 8.33529e-05 2.34500e-06 6.80051e-04 4.76404e-06 4.40727e-04 1.21434e-03 5.64676e-05 4.07165e-04 9.18456e-04 

