RIBOSUM

	A	C	G	U
A	1.86
C	-1.23	1.09
G	-1.00	-1.67	1.04
U	-0.97	-0.51	-1.32	1.22


	AA	AC	AG	AU	CA	CC	CG	CU	GA	GC	GG	GU	UA	UC	UG	UU
AA	-1.54
AC	-4.18	-0.68
AG	-9.10	-10.25	-3.71
AU	-3.60	-2.77	-5.51	4.37
CA	-9.93	-10.08	-11.34	-5.52	-1.48
CC	-8.13	-4.03	-12.30	-3.81	-10.75	-2.48
CG	-3.46	-3.97	-3.76	1.69	-1.50	-4.83	5.53
CU	-10.07	-6.81	-8.78	-4.22	-6.81	-3.35	-3.28	-0.04
GA	-7.66	-9.49	-9.28	-4.09	-7.49	-10.52	-4.86	-8.50	-1.29
GC	-3.33	-2.98	-3.93	2.91	-4.24	-2.44	2.17	-4.15	-2.60	5.77
GG	-10.46	-9.95	-4.05	-4.86	-10.83	-11.58	-4.02	-12.07	-7.48	-3.97	-3.07
GU	-5.73	-3.98	-5.67	0.76	-7.04	-6.37	0.05	-3.73	-5.15	1.68	-5.11	3.15
UA	-2.63	-5.33	-5.38	1.61	-2.64	-4.07	2.92	-3.88	-3.32	1.73	-5.77	-0.69	4.53
UC	-9.78	-8.09	-8.14	-4.80	-9.40	-5.79	-3.92	-4.49	-6.50	-2.65	-7.24	-4.21	-3.35	-5.00
UG	-4.58	-6.39	-5.66	-0.70	-5.41	-6.06	1.48	-5.09	-7.60	0.05	-4.75	-2.11	0.83	-5.23	3.20
UU	-7.97	-5.32	-9.40	-3.60	-8.10	-5.43	-1.98	-3.99	-11.00	-2.21	-10.90	-3.13	-3.79	-5.03	-5.25	-0.83


BASE FREQUENCIES
2.61906e-01 2.12466e-01 2.74331e-01 2.51297e-01 

BASE PAIR FREQUENCIES
4.12835e-03 3.59023e-03 2.12838e-03 1.56649e-01 
3.20539e-03 1.72604e-03 2.32291e-01 4.59066e-03 
3.96667e-03 2.55727e-01 2.34616e-03 7.43245e-02 
1.70926e-01 1.88204e-03 7.67426e-02 5.77585e-03 


BASE MATCH FREQUENCIES
2.48317e-01 2.37011e-02 3.60078e-02 3.36895e-02 2.37011e-02 9.58455e-02 1.83627e-02 3.75816e-02 3.60078e-02 1.83627e-02 1.54423e-01 2.77075e-02 3.36895e-02 3.75816e-02 2.77075e-02 1.47314e-01 

BASE PAIR MATCH FREQUENCIES
1.61336e-03 2.09875e-04 8.99781e-06 3.71266e-04 3.90510e-06 1.10254e-05 3.63292e-04 3.40477e-06 2.43755e-05 3.97319e-04 3.65376e-06 8.90634e-05 7.31275e-04 4.15403e-06 1.97102e-04 1.72367e-05 
2.09875e-04 1.92973e-03 3.27443e-06 5.37207e-04 2.86184e-06 1.54196e-04 2.06292e-04 2.64586e-05 5.55029e-06 4.12440e-04 4.22605e-06 2.43531e-04 9.07662e-05 1.09346e-05 4.58158e-05 8.80826e-05 
8.99781e-06 3.27443e-06 3.93988e-04 1.03614e-04 1.53936e-06 6.44204e-07 3.08688e-04 8.70201e-06 8.32931e-06 2.74762e-04 3.26066e-04 9.70668e-05 1.13253e-04 1.36310e-05 9.81509e-05 6.71905e-06 
3.71266e-04 5.37207e-04 1.03614e-04 8.96052e-02 8.00768e-05 2.11642e-04 1.23527e-02 1.88962e-04 2.77139e-04 2.87961e-02 1.70739e-04 7.69810e-03 1.32685e-02 1.25902e-04 2.79607e-03 3.42824e-04 
3.90510e-06 2.86184e-06 1.53936e-06 8.00768e-05 1.10628e-03 1.45850e-06 1.14456e-03 2.64905e-05 2.21997e-05 1.71909e-04 2.29349e-06 2.91089e-05 5.87140e-04 4.40122e-06 9.00764e-05 1.27925e-05 
1.10254e-05 1.54196e-04 6.44204e-07 2.11642e-04 1.45850e-06 3.64467e-04 9.25481e-05 2.35867e-04 2.20980e-06 4.86200e-04 1.11354e-06 3.77124e-05 1.76695e-04 4.36381e-05 4.65783e-05 6.63461e-05 
3.63292e-04 2.06292e-04 3.08688e-04 1.23527e-02 1.14456e-03 9.25481e-05 1.56699e-01 3.20401e-04 1.44287e-04 1.52722e-02 2.70206e-04 4.16685e-03 2.89955e-02 2.04976e-04 1.12309e-02 9.33817e-04 
3.40477e-06 2.64586e-05 8.70201e-06 1.88962e-04 2.64905e-05 2.35867e-04 3.20401e-04 2.76624e-03 1.05842e-05 1.75472e-04 9.35341e-07 2.76641e-04 2.38451e-04 1.26457e-04 1.07819e-04 2.11564e-04 
2.43755e-05 5.55029e-06 8.32931e-06 2.77139e-04 2.21997e-05 2.20980e-06 1.44287e-04 1.05842e-05 2.11185e-03 6.91822e-04 3.03190e-05 1.39840e-04 4.73363e-04 4.24737e-05 2.54677e-05 2.22188e-06 
3.97319e-04 4.12440e-04 2.74762e-04 2.87961e-02 1.71909e-04 4.86200e-04 1.52722e-02 1.75472e-04 6.91822e-04 1.84767e-01 2.80075e-04 1.29195e-02 1.27328e-02 4.96119e-04 4.15027e-03 7.97366e-04 
3.65376e-06 4.22605e-06 3.26066e-04 1.70739e-04 2.29349e-06 1.11354e-06 2.70206e-04 9.35341e-07 3.03190e-05 2.80075e-04 6.76263e-04 1.50472e-04 9.09773e-05 2.66020e-05 1.92603e-04 2.49389e-06 
8.90634e-05 2.43531e-04 9.70668e-05 7.69810e-03 2.91089e-05 3.77124e-05 4.16685e-03 2.76641e-04 1.39840e-04 1.29195e-02 1.50472e-04 4.22130e-02 2.81274e-03 1.99338e-04 1.10299e-03 4.95929e-04 
7.31275e-04 9.07662e-05 1.13253e-04 1.32685e-02 5.87140e-04 1.76695e-04 2.89955e-02 2.38451e-04 4.73363e-04 1.27328e-02 9.09773e-05 2.81274e-03 1.00299e-01 3.43451e-04 8.04686e-03 3.00385e-04 
4.15403e-06 1.09346e-05 1.36310e-05 1.25902e-04 4.40122e-06 4.36381e-05 2.04976e-04 1.26457e-04 4.24737e-05 4.96119e-04 2.66020e-05 1.99338e-04 3.43451e-04 8.88169e-05 9.81834e-05 1.03306e-04 
1.97102e-04 4.58158e-05 9.81509e-05 2.79607e-03 9.00764e-05 4.65783e-05 1.12309e-02 1.07819e-04 2.54677e-05 4.15027e-03 1.92603e-04 1.10299e-03 8.04686e-03 9.81834e-05 4.35854e-02 1.14217e-04 
1.72367e-05 8.80826e-05 6.71905e-06 3.42824e-04 1.27925e-05 6.63461e-05 9.33817e-04 2.11564e-04 2.22188e-06 7.97366e-04 2.49389e-06 4.95929e-04 3.00385e-04 1.03306e-04 1.14217e-04 2.24478e-03 

