RIBOSUM

	A	C	G	U
A	2.29
C	-2.47	1.39
G	-2.13	-2.89	1.24
U	-2.14	-1.32	-2.38	1.79


	AA	AC	AG	AU	CA	CC	CG	CU	GA	GC	GG	GU	UA	UC	UG	UU
AA	-1.02
AC	-8.92	-1.23
AG	-7.89	-10.24	-1.89
AU	-5.11	-3.92	-5.50	4.87
CA	-9.16	-10.09	-9.25	-6.53	-1.31
CC	-10.60	-7.80	-11.06	-6.91	-9.28	-1.34
CG	-5.47	-5.68	-4.37	0.72	-2.86	-4.98	5.69
CU	-10.74	-10.81	-8.82	-5.67	-8.03	-6.62	-4.68	0.01
GA	-8.31	-8.04	-7.87	-6.60	-7.39	-13.80	-5.10	-8.37	-0.73
GC	-5.28	-3.96	-6.29	1.99	-5.89	-4.14	1.21	-7.10	-4.43	5.86
GG	-10.21	-10.60	-4.60	-6.84	-11.97	-14.15	-4.68	-12.92	-7.62	-4.86	-1.88
GU	-6.71	-5.53	-7.65	0.19	-7.70	-7.63	-1.28	-6.64	-6.13	0.77	-6.57	3.60
UA	-4.22	-5.90	-6.64	0.52	-3.52	-7.27	2.10	-5.70	-5.70	0.58	-6.77	-1.76	5.14
UC	-10.55	-7.94	-9.35	-6.19	-8.89	-7.42	-6.04	-4.42	-8.47	-4.23	-12.17	-5.36	-3.80	-2.95
UG	-6.39	-7.14	-6.78	-1.74	-5.99	-8.60	0.93	-7.85	-8.07	-1.14	-5.62	-2.75	0.36	-6.57	3.50
UU	-9.39	-7.24	-10.16	-3.65	-7.49	-6.02	-4.19	-6.08	-11.80	-4.26	-11.37	-4.72	-4.10	-4.59	-4.94	-0.07


BASE FREQUENCIES
2.55484e-01 2.18597e-01 2.91068e-01 2.34851e-01 

BASE PAIR FREQUENCIES
2.93908e-03 2.10429e-03 2.42805e-03 1.38975e-01 
2.39775e-03 1.40172e-03 2.53006e-01 3.10752e-03 
4.09061e-03 2.73584e-01 2.94092e-03 7.38848e-02 
1.60421e-01 1.28514e-03 7.31506e-02 4.28372e-03 


BASE MATCH FREQUENCIES
3.18335e-01 1.01131e-02 1.70138e-02 1.35903e-02 1.01131e-02 1.24947e-01 8.55629e-03 2.06111e-02 1.70138e-02 8.55629e-03 1.99609e-01 1.31054e-02 1.35903e-02 2.06111e-02 1.31054e-02 1.91129e-01 

BASE PAIR MATCH FREQUENCIES
2.10115e-03 7.51746e-06 2.04976e-05 1.13595e-04 6.37833e-06 2.00459e-06 9.38445e-05 1.95474e-06 1.52985e-05 1.07247e-04 4.68102e-06 4.25063e-05 2.10760e-04 2.23387e-06 5.33640e-05 5.35683e-06 
7.51746e-06 1.32731e-03 3.43502e-06 2.22106e-04 2.86233e-06 1.19801e-05 6.91156e-05 1.60000e-06 1.57469e-05 2.28166e-04 3.04269e-06 8.28966e-05 5.61003e-05 1.16790e-05 2.70464e-05 2.03228e-05 
2.04976e-05 3.43502e-06 1.48686e-03 9.87158e-05 6.84178e-06 1.66361e-06 2.29428e-04 8.44971e-06 2.37107e-05 6.03883e-05 2.59798e-04 2.52296e-05 4.45869e-05 5.83177e-06 4.61178e-05 3.59652e-06 
1.13595e-04 2.22106e-04 9.87158e-05 1.05506e-01 3.61689e-05 2.38925e-05 6.30206e-03 6.04453e-05 4.60004e-05 1.51237e-02 4.42806e-05 4.67769e-03 5.14714e-03 4.21994e-05 1.22875e-03 2.64411e-04 
6.37833e-06 2.86233e-06 6.84178e-06 3.61689e-05 1.25764e-03 4.29186e-06 4.88580e-04 1.10056e-05 2.46787e-05 6.00251e-05 1.18137e-06 1.84138e-05 2.92464e-04 6.05369e-06 5.99424e-05 1.71939e-05 
2.00459e-06 1.19801e-05 1.66361e-06 2.38925e-05 4.29186e-06 8.99470e-04 9.61775e-05 2.49162e-05 2.49890e-07 1.71900e-04 2.23089e-07 1.65283e-05 1.86308e-05 1.43433e-05 8.43905e-06 4.04802e-05 
9.38445e-05 6.91156e-05 2.29428e-04 6.30206e-03 4.88580e-04 9.61775e-05 2.08585e-01 1.27482e-04 1.37966e-04 9.36738e-03 2.10365e-04 1.78943e-03 1.63473e-02 4.96239e-05 8.26291e-03 1.92299e-04 
1.95474e-06 1.60000e-06 8.44971e-06 6.04453e-05 1.10056e-05 2.49162e-05 1.27482e-04 2.65222e-03 1.15617e-05 2.37842e-05 5.59998e-07 3.50727e-05 5.92513e-05 1.23353e-04 1.52551e-05 4.17325e-05 
1.52985e-05 1.57469e-05 2.37107e-05 4.60004e-05 2.46787e-05 2.49890e-07 1.37966e-04 1.15617e-05 3.34227e-03 2.19668e-04 3.21338e-05 7.23893e-05 8.58822e-05 1.07425e-05 1.88989e-05 1.14762e-06 
1.07247e-04 2.28166e-04 6.03883e-05 1.51237e-02 6.00251e-05 1.71900e-04 9.36738e-03 2.37842e-05 2.19668e-04 2.35900e-01 1.85080e-04 7.40797e-03 5.69405e-03 1.74162e-04 1.96886e-03 1.82587e-04 
4.68102e-06 3.04269e-06 2.59798e-04 4.42806e-05 1.18137e-06 2.23089e-07 2.10365e-04 5.59998e-07 3.21338e-05 1.85080e-04 1.94771e-03 6.10685e-05 4.66104e-05 9.45880e-07 1.17835e-04 1.76674e-06 
4.25063e-05 8.28966e-05 2.52296e-05 4.67769e-03 1.84138e-05 1.65283e-05 1.78943e-03 3.50727e-05 7.23893e-05 7.40797e-03 6.10685e-05 5.65892e-02 1.20959e-03 8.54250e-05 6.93629e-04 1.42640e-04 
2.10760e-04 5.61003e-05 4.45869e-05 5.14714e-03 2.92464e-04 1.86308e-05 1.63473e-02 5.92513e-05 8.58822e-05 5.69405e-03 4.66104e-05 1.20959e-03 1.26849e-01 2.21036e-04 5.27735e-03 1.93583e-04 
2.23387e-06 1.16790e-05 5.83177e-06 4.21994e-05 6.05369e-06 1.43433e-05 4.96239e-05 1.23353e-04 1.07425e-05 1.74162e-04 9.45880e-07 8.54250e-05 2.21036e-04 3.41947e-04 3.70531e-05 1.17260e-04 
5.33640e-05 2.70464e-05 4.61178e-05 1.22875e-03 5.99424e-05 8.43905e-06 8.26291e-03 1.52551e-05 1.88989e-05 1.96886e-03 1.17835e-04 6.93629e-04 5.27735e-03 3.70531e-05 5.27068e-02 1.22887e-04 
5.35683e-06 2.03228e-05 3.59652e-06 2.64411e-04 1.71939e-05 4.04802e-05 1.92299e-04 4.17325e-05 1.14762e-06 1.82587e-04 1.76674e-06 1.42640e-04 1.93583e-04 1.17260e-04 1.22887e-04 2.89114e-03 

