RIBOSUM

	A	C	G	U
A	2.31
C	-2.38	1.34
G	-2.08	-2.84	1.21
U	-2.01	-1.29	-2.31	1.78


	AA	AC	AG	AU	CA	CC	CG	CU	GA	GC	GG	GU	UA	UC	UG	UU
AA	-1.24
AC	-8.82	-1.32
AG	-7.91	-9.86	-1.69
AU	-4.92	-3.19	-5.53	4.90
CA	-8.99	-9.71	-11.21	-6.59	-1.39
CC	-14.32	-7.69	-11.73	-7.09	-10.21	-1.59
CG	-5.40	-5.78	-4.46	0.74	-3.28	-5.40	5.65
CU	-9.83	-11.05	-10.37	-5.42	-8.37	-6.35	-4.72	-0.09
GA	-8.40	-8.73	-8.25	-7.10	-8.27	-14.67	-5.39	-9.19	-0.80
GC	-5.22	-3.48	-6.06	1.99	-6.26	-4.17	1.21	-6.46	-5.00	5.83
GG	-9.82	-10.59	-4.94	-6.78	-11.86	-14.81	-5.21	-13.22	-7.60	-4.56	-1.81
GU	-6.93	-5.60	-7.94	0.25	-8.36	-7.26	-1.16	-6.61	-7.36	0.76	-6.90	3.56
UA	-3.61	-6.17	-7.51	0.60	-3.31	-7.77	2.07	-5.75	-6.17	0.48	-7.06	-1.49	5.17
UC	-10.60	-9.56	-9.79	-6.28	-8.28	-7.32	-6.50	-4.24	-7.85	-4.41	-12.32	-5.48	-3.98	-2.41
UG	-6.14	-7.94	-6.62	-1.64	-5.99	-8.94	0.93	-7.50	-8.74	-1.10	-5.55	-2.89	0.46	-6.61	3.50
UU	-8.84	-7.38	-10.73	-3.45	-8.17	-6.25	-4.64	-6.42	-13.37	-4.81	-11.78	-3.97	-4.02	-5.29	-5.00	0.00


BASE FREQUENCIES
2.53686e-01 2.20511e-01 2.93788e-01 2.32015e-01 

BASE PAIR FREQUENCIES
2.74929e-03 2.17503e-03 2.54812e-03 1.36742e-01 
2.14157e-03 1.37037e-03 2.54984e-01 3.01166e-03 
3.77512e-03 2.76677e-01 2.96065e-03 7.28803e-02 
1.57762e-01 1.33615e-03 7.46997e-02 4.18709e-03 


BASE MATCH FREQUENCIES
3.18785e-01 1.07389e-02 1.75803e-02 1.45680e-02 1.07389e-02 1.23427e-01 9.02245e-03 2.09356e-02 1.75803e-02 9.02245e-03 1.99414e-01 1.37376e-02 1.45680e-02 2.09356e-02 1.37376e-02 1.85209e-01 

BASE PAIR MATCH FREQUENCIES
1.75750e-03 7.98228e-06 1.99890e-05 1.24709e-04 7.06995e-06 1.52538e-07 9.88098e-05 3.62688e-06 1.42284e-05 1.11816e-04 6.16456e-06 3.59883e-05 3.09388e-04 2.12569e-06 6.23893e-05 7.56161e-06 
7.98228e-06 1.25581e-03 4.49575e-06 3.59581e-04 3.74720e-06 1.31508e-05 6.61728e-05 1.34943e-06 9.81397e-06 3.23782e-04 3.13628e-06 7.85882e-05 4.58183e-05 3.79791e-06 1.55483e-05 1.80404e-05 
1.99890e-05 4.49575e-06 1.72743e-03 9.48094e-05 1.75581e-06 1.06470e-06 2.19801e-04 2.88236e-06 1.82742e-05 7.23570e-05 2.09078e-04 2.07356e-05 2.41172e-05 4.31880e-06 5.15802e-05 2.35490e-06 
1.24709e-04 3.59581e-04 9.48094e-05 1.03730e-01 3.42508e-05 2.09747e-05 6.35291e-03 7.02888e-05 3.19923e-05 1.51988e-02 4.62454e-05 4.78193e-03 5.25916e-03 3.87295e-05 1.28416e-03 2.89939e-04 
7.06995e-06 3.74720e-06 1.75581e-06 3.42508e-05 1.19799e-03 2.29903e-06 3.72066e-04 8.67329e-06 1.34958e-05 4.73184e-05 1.30273e-06 1.15903e-05 3.32813e-04 9.21818e-06 6.00375e-05 1.04416e-05 
1.52538e-07 1.31508e-05 1.06470e-06 2.09747e-05 2.29903e-06 7.84709e-04 7.47643e-05 3.05848e-05 1.39155e-07 1.75401e-04 1.45911e-07 2.16935e-05 1.30970e-05 1.56108e-05 6.77108e-06 3.43004e-05 
9.88098e-05 6.61728e-05 2.19801e-04 6.35291e-03 3.72066e-04 7.47643e-05 2.10205e-01 1.25351e-04 1.15314e-04 9.71534e-03 1.50733e-04 1.97175e-03 1.59936e-02 3.65401e-05 8.44159e-03 1.40219e-04 
3.62688e-06 1.34943e-06 2.88236e-06 7.02888e-05 8.67329e-06 3.05848e-05 1.25351e-04 2.46774e-03 6.52335e-06 3.77591e-05 4.64347e-07 3.56038e-05 5.59858e-05 1.38485e-04 1.92910e-05 3.22114e-05 
1.42284e-05 9.81397e-06 1.82742e-05 3.19923e-05 1.34958e-05 1.39155e-07 1.15314e-04 6.52335e-06 3.20039e-03 1.50396e-04 3.32023e-05 3.08430e-05 6.10710e-05 1.64737e-05 1.18534e-05 3.78786e-07 
1.11816e-04 3.23782e-04 7.23570e-05 1.51988e-02 4.73184e-05 1.75401e-04 9.71534e-03 3.77591e-05 1.50396e-04 2.39517e-01 2.36544e-04 7.47269e-03 5.33415e-03 1.55781e-04 2.05533e-03 1.24277e-04 
6.16456e-06 3.13628e-06 2.09078e-04 4.62454e-05 1.30273e-06 1.45911e-07 1.50733e-04 4.64347e-07 3.32023e-05 2.36544e-04 2.12574e-03 4.92489e-05 3.79455e-05 8.61258e-07 1.25469e-04 1.31747e-06 
3.59883e-05 7.85882e-05 2.07356e-05 4.78193e-03 1.15903e-05 2.16935e-05 1.97175e-03 3.56038e-05 3.08430e-05 7.47269e-03 4.92489e-05 5.46736e-02 1.42779e-03 7.78866e-05 6.28901e-04 2.34294e-04 
3.09388e-04 4.58183e-05 2.41172e-05 5.25916e-03 3.32813e-04 1.30970e-05 1.59936e-02 5.59858e-05 6.10710e-05 5.33415e-03 3.79455e-05 1.42779e-03 1.24385e-01 1.91321e-04 5.50689e-03 1.95613e-04 
2.12569e-06 3.79791e-06 4.31880e-06 3.87295e-05 9.21818e-06 1.56108e-05 3.65401e-05 1.38485e-04 1.64737e-05 1.55781e-04 8.61258e-07 7.78866e-05 1.91321e-04 4.91403e-04 3.56960e-05 7.05396e-05 
6.23893e-05 1.55483e-05 5.15802e-05 1.28416e-03 6.00375e-05 6.77108e-06 8.44159e-03 1.92910e-05 1.18534e-05 2.05533e-03 1.25469e-04 6.28901e-04 5.50689e-03 3.56960e-05 5.25163e-02 1.14898e-04 
7.56161e-06 1.80404e-05 2.35490e-06 2.89939e-04 1.04416e-05 3.43004e-05 1.40219e-04 3.22114e-05 3.78786e-07 1.24277e-04 1.31747e-06 2.34294e-04 1.95613e-04 7.05396e-05 1.14898e-04 2.90161e-03 

