RIBOSUM

	A	C	G	U
A	2.00
C	-1.22	0.99
G	-0.96	-1.52	0.90
U	-1.07	-0.67	-1.20	1.35


	AA	AC	AG	AU	CA	CC	CG	CU	GA	GC	GG	GU	UA	UC	UG	UU
AA	-2.52
AC	-9.59	-1.81
AG	-9.35	-10.10	-2.32
AU	-5.31	-1.81	-6.40	4.25
CA	-10.32	-11.58	-10.98	-5.95	-3.08
CC	-13.59	-9.37	-13.62	-2.28	-11.06	-3.10
CG	-3.79	-5.65	-4.78	2.01	-3.48	-4.93	5.27
CU	-12.13	-10.23	-8.61	-4.45	-8.51	-6.83	-4.20	-1.44
GA	-9.16	-9.06	-8.39	-4.69	-9.00	-12.21	-4.34	-6.94	-1.54
GC	-5.55	-3.95	-6.02	2.85	-5.69	-3.86	2.77	-2.11	-2.35	5.53
GG	-9.58	-8.97	-4.07	-6.14	-11.92	-13.12	-4.76	-10.20	-6.89	-4.34	-2.21
GU	-7.00	-4.93	-7.00	0.61	-7.02	-7.69	0.27	-4.36	-6.19	1.37	-5.70	3.27
UA	-2.32	-5.95	-2.75	1.83	-3.39	-6.58	2.96	-4.29	-4.75	1.76	-6.61	0.02	4.71
UC	-12.01	-9.06	-8.49	-4.90	-9.03	-8.95	-5.08	-4.77	-6.97	-4.00	-11.55	-4.71	-3.50	-4.29
UG	-3.40	-7.31	-6.34	-0.79	-6.55	-8.21	1.12	-6.87	-7.46	0.15	-4.49	-1.28	0.84	-4.52	3.16
UU	-10.39	-8.17	-10.68	-3.60	-8.78	-7.53	-3.17	-5.35	-11.46	-3.29	-10.53	-2.75	-1.63	-5.83	-4.46	-0.87


BASE FREQUENCIES
2.53494e-01 2.21929e-01 2.96037e-01 2.28539e-01 

BASE PAIR FREQUENCIES
2.50084e-03 2.15982e-03 2.55455e-03 1.33811e-01 
1.88322e-03 1.15212e-03 2.58086e-01 2.75564e-03 
4.15289e-03 2.79448e-01 3.07108e-03 7.37611e-02 
1.56187e-01 1.28803e-03 7.31459e-02 4.04331e-03 


BASE MATCH FREQUENCIES
2.56587e-01 2.41346e-02 3.86644e-02 2.75196e-02 2.41346e-02 9.74964e-02 2.28828e-02 3.19120e-02 3.86644e-02 2.28828e-02 1.63435e-01 2.95107e-02 2.75196e-02 3.19120e-02 2.95107e-02 1.33234e-01 

BASE PAIR MATCH FREQUENCIES
7.21781e-04 4.70021e-06 7.38697e-06 9.35247e-05 2.82207e-06 2.57097e-07 3.04267e-04 7.26454e-07 8.42560e-06 9.00692e-05 7.33270e-06 3.39311e-05 7.47086e-04 7.87910e-07 4.12942e-04 2.49403e-06 
4.70021e-06 9.03981e-04 3.85575e-06 9.30535e-04 1.03640e-06 4.17705e-06 7.34057e-05 2.37006e-06 7.89109e-06 2.38832e-04 9.79913e-06 1.24426e-04 5.28349e-05 5.34836e-06 2.40253e-05 1.02304e-05 
7.38697e-06 3.85575e-06 1.12681e-03 5.14276e-05 2.08618e-06 2.92635e-07 1.78915e-04 9.74371e-06 1.67883e-05 7.59973e-05 3.91337e-04 3.97804e-05 6.45820e-04 1.06222e-05 6.25905e-05 2.39172e-06 
9.35247e-05 9.30535e-04 5.14276e-05 6.40464e-02 5.26770e-05 5.88020e-04 1.53019e-02 1.34247e-04 1.69002e-04 2.73761e-02 7.21587e-05 5.97039e-03 1.19531e-02 9.84067e-05 2.25919e-03 2.49628e-04 
2.82207e-06 1.03640e-06 2.08618e-06 5.26770e-05 3.74372e-04 1.29963e-06 3.31291e-04 7.80138e-06 8.23984e-06 7.15104e-05 1.27184e-06 2.92377e-05 3.10762e-04 5.46744e-06 4.05070e-05 6.66486e-06 
2.57097e-07 4.17705e-06 2.92635e-07 5.88020e-04 1.29963e-06 2.83555e-04 1.06135e-04 2.19175e-05 7.82138e-07 2.22278e-04 4.85258e-07 1.61007e-05 2.98700e-05 5.05770e-06 1.12565e-05 1.39556e-05 
3.04267e-04 7.34057e-05 1.78915e-04 1.53019e-02 3.31291e-04 1.06135e-04 1.66709e-01 1.81084e-04 2.42677e-04 2.93828e-02 2.12444e-04 5.37107e-03 2.95691e-02 9.88506e-05 9.63472e-03 3.82126e-04 
7.26454e-07 2.37006e-06 9.74371e-06 1.34247e-04 7.80138e-06 2.19175e-05 1.81084e-04 9.45456e-04 3.10064e-05 7.70573e-04 3.79159e-06 1.66607e-04 1.50522e-04 9.45588e-05 2.92951e-05 6.50631e-05 
8.42560e-06 7.89109e-06 1.67883e-05 1.69002e-04 8.23984e-06 7.82138e-07 2.42677e-04 3.10064e-05 1.93902e-03 9.67678e-04 5.54424e-05 6.97466e-05 1.61665e-04 3.04402e-05 2.88312e-05 1.39165e-06 
9.00692e-05 2.38832e-04 7.59973e-05 2.73761e-02 7.15104e-05 2.22278e-04 2.93828e-02 7.70573e-04 9.67678e-04 1.99375e-01 2.83413e-04 1.15257e-02 1.29282e-02 2.07875e-04 4.91913e-03 3.50257e-04 
7.33270e-06 9.79913e-06 3.91337e-04 7.21587e-05 1.27184e-06 4.85258e-07 2.12444e-04 3.79159e-06 5.54424e-05 2.83413e-04 1.65495e-03 1.14347e-04 5.18668e-05 1.48389e-06 2.63509e-04 3.09003e-06 
3.39311e-05 1.24426e-04 3.97804e-05 5.97039e-03 2.92377e-05 1.61007e-05 5.37107e-03 1.66607e-04 6.97466e-05 1.15257e-02 1.14347e-04 4.42965e-02 3.97917e-03 1.31262e-04 1.88321e-03 5.24313e-04 
7.47086e-04 5.28349e-05 6.45820e-04 1.19531e-02 3.10762e-04 2.98700e-05 2.95691e-02 1.50522e-04 1.61665e-04 1.29282e-02 5.18668e-05 3.97917e-03 8.78627e-02 2.58845e-04 7.00587e-03 9.77469e-04 
7.87910e-07 5.34836e-06 1.06222e-05 9.84067e-05 5.46744e-06 5.05770e-06 9.88506e-05 9.45588e-05 3.04402e-05 2.07875e-04 1.48389e-06 1.31262e-04 2.58845e-04 1.31606e-04 1.49047e-04 4.65584e-05 
4.12942e-04 2.40253e-05 6.25905e-05 2.25919e-03 4.05070e-05 1.12565e-05 9.63472e-03 2.92951e-05 2.88312e-05 4.91913e-03 2.63509e-04 1.88321e-03 7.00587e-03 1.49047e-04 4.08846e-02 1.60734e-04 
2.49403e-06 1.02304e-05 2.39172e-06 2.49628e-04 6.66486e-06 1.39556e-05 3.82126e-04 6.50631e-05 1.39165e-06 3.50257e-04 3.09003e-06 5.24313e-04 9.77469e-04 4.65584e-05 1.60734e-04 1.49050e-03 

