RIBOSUM

	A	C	G	U
A	2.34
C	-2.25	1.23
G	-1.85	-2.90	1.13
U	-1.82	-1.18	-2.16	1.79


	AA	AC	AG	AU	CA	CC	CG	CU	GA	GC	GG	GU	UA	UC	UG	UU
AA	-1.72
AC	-9.69	-1.98
AG	-9.01	-9.68	-1.67
AU	-5.55	-2.60	-6.53	4.66
CA	-10.19	-11.32	-11.27	-6.55	-2.32
CC	-14.17	-9.88	-13.75	-7.15	-10.76	-2.34
CG	-5.60	-6.26	-5.14	1.43	-3.76	-5.22	5.47
CU	-11.68	-11.23	-7.90	-6.06	-7.91	-6.48	-4.92	-0.74
GA	-8.73	-8.52	-7.87	-6.81	-8.74	-11.81	-3.85	-6.26	-0.90
GC	-5.50	-4.07	-6.00	2.45	-6.14	-4.52	1.77	-6.90	-4.31	5.67
GG	-9.58	-8.68	-5.69	-6.67	-11.95	-13.14	-4.60	-12.63	-6.32	-4.19	-1.97
GU	-7.22	-5.91	-7.20	0.24	-8.22	-8.33	-0.66	-6.65	-6.78	1.01	-6.04	3.58
UA	-4.82	-6.29	-6.72	1.34	-3.43	-7.25	2.51	-4.08	-5.33	1.23	-6.67	-1.02	5.09
UC	-11.69	-8.75	-8.07	-6.05	-8.34	-8.92	-5.92	-4.08	-6.31	-4.86	-12.30	-5.40	-2.82	-3.42
UG	-6.77	-7.91	-5.98	-0.93	-6.39	-9.20	1.02	-8.34	-7.62	-0.26	-4.54	-2.29	0.84	-6.92	3.37
UU	-9.99	-8.21	-10.23	-3.96	-8.37	-7.14	-4.03	-4.55	-11.65	-4.25	-11.49	-5.17	-3.86	-4.95	-5.10	0.06


BASE FREQUENCIES
2.52764e-01 2.23601e-01 3.01549e-01 2.22087e-01 

BASE PAIR FREQUENCIES
1.94648e-03 1.78404e-03 2.66124e-03 1.28347e-01 
1.50524e-03 8.99217e-04 2.62366e-01 2.18170e-03 
4.43346e-03 2.84410e-01 3.35360e-03 7.39028e-02 
1.54433e-01 1.25703e-03 7.28180e-02 3.70067e-03 


BASE MATCH FREQUENCIES
3.22713e-01 1.18432e-02 2.10718e-02 1.58761e-02 1.18432e-02 1.17490e-01 9.02143e-03 2.19861e-02 2.10718e-02 9.02143e-03 1.99089e-01 1.50251e-02 1.58761e-02 2.19861e-02 1.50251e-02 1.71060e-01 

BASE PAIR MATCH FREQUENCIES
1.23860e-03 4.37375e-06 9.46772e-06 7.65764e-05 3.10160e-06 1.73152e-07 8.88491e-05 9.66006e-07 1.14604e-05 9.52178e-05 7.59320e-06 2.86159e-05 1.26900e-04 9.60909e-07 3.92904e-05 3.09001e-06 
4.37375e-06 8.11965e-04 5.25869e-06 5.22549e-04 1.24759e-06 3.00837e-06 4.96727e-05 1.16912e-06 1.17560e-05 2.27485e-04 1.25021e-05 6.27929e-05 4.04764e-05 6.53384e-06 1.57816e-05 9.42320e-06 
9.46772e-06 5.25869e-06 1.83060e-03 4.63065e-05 1.74576e-06 2.76518e-07 1.46093e-04 1.58121e-05 2.48218e-05 8.04546e-05 1.34332e-04 3.45986e-05 4.05982e-05 1.40527e-05 8.07022e-05 3.13697e-06 
7.65764e-05 5.22549e-04 4.63065e-05 7.98767e-02 3.39603e-05 1.97759e-05 1.01924e-02 4.18464e-05 3.80294e-05 2.06657e-02 5.01864e-05 4.43231e-03 7.96545e-03 4.19707e-05 1.96813e-03 1.78293e-04 
3.10160e-06 1.24759e-06 1.74576e-06 3.39603e-05 6.40157e-04 1.62785e-06 2.80909e-04 1.16678e-05 1.00986e-05 5.40982e-05 1.29572e-06 1.27181e-05 2.95304e-04 8.63381e-06 4.52774e-05 8.44725e-06 
1.73152e-07 3.00837e-06 2.76518e-07 1.97759e-05 1.62785e-06 4.94475e-04 9.02804e-05 2.77494e-05 1.06162e-06 1.47169e-04 5.04133e-07 1.03963e-05 1.84099e-05 5.12811e-06 5.70963e-06 1.74956e-05 
8.88491e-05 4.96727e-05 1.46093e-04 1.01924e-02 2.80909e-04 9.02804e-05 2.01190e-01 1.10376e-04 3.57247e-04 1.54615e-02 2.52643e-04 2.86130e-03 2.15922e-02 5.51165e-05 9.15660e-03 2.04079e-04 
9.66006e-07 1.16912e-06 1.58121e-05 4.18464e-05 1.16678e-05 2.77494e-05 1.10376e-04 1.48057e-03 4.92290e-05 2.81174e-05 7.11391e-07 3.30918e-05 1.64288e-04 1.45573e-04 1.02724e-05 1.04211e-04 
1.14604e-05 1.17560e-05 2.48218e-05 3.80294e-05 1.00986e-05 1.06162e-06 3.57247e-04 4.92290e-05 3.12124e-03 2.58569e-04 8.69210e-05 4.63107e-05 1.06712e-04 4.75957e-05 2.58936e-05 1.16886e-06 
9.52178e-05 2.27485e-04 8.04546e-05 2.06657e-02 5.40982e-05 1.47169e-04 1.54615e-02 2.81174e-05 2.58569e-04 2.30728e-01 3.36847e-04 9.09105e-03 8.86717e-03 1.15334e-04 3.75843e-03 1.74369e-04 
7.59320e-06 1.25021e-05 1.34332e-04 5.01864e-05 1.29572e-06 5.04133e-07 2.52643e-04 7.11391e-07 8.69210e-05 3.36847e-04 2.10906e-03 9.23585e-05 5.01121e-05 8.95787e-07 2.61437e-04 1.55892e-06 
2.86159e-05 6.27929e-05 3.45986e-05 4.43231e-03 1.27181e-05 1.03963e-05 2.86130e-03 3.30918e-05 4.63107e-05 9.09105e-03 9.23585e-05 5.36163e-02 1.84765e-03 7.87471e-05 9.14535e-04 9.20056e-05 
1.26900e-04 4.04764e-05 4.05982e-05 7.96545e-03 2.95304e-04 1.84099e-05 2.15922e-02 1.64288e-04 1.06712e-04 8.86717e-03 5.01121e-05 1.84765e-03 1.07401e-01 3.94065e-04 6.71510e-03 1.90655e-04 
9.60909e-07 6.53384e-06 1.40527e-05 4.19707e-05 8.63381e-06 5.12811e-06 5.51165e-05 1.45573e-04 4.75957e-05 1.15334e-04 8.95787e-07 7.87471e-05 3.94065e-04 2.30294e-04 2.75562e-05 7.91338e-05 
3.92904e-05 1.57816e-05 8.07022e-05 1.96813e-03 4.52774e-05 5.70963e-06 9.15660e-03 1.02724e-05 2.58936e-05 3.75843e-03 2.61437e-04 9.14535e-04 6.71510e-03 2.75562e-05 4.64609e-02 9.65198e-05 
3.09001e-06 9.42320e-06 3.13697e-06 1.78293e-04 8.44725e-06 1.74956e-05 2.04079e-04 1.04211e-04 1.16886e-06 1.74369e-04 1.55892e-06 9.20056e-05 1.90655e-04 7.91338e-05 9.65198e-05 2.53668e-03 

