RIBOSUM

	A	C	G	U
A	1.93
C	-1.13	0.94
G	-0.86	-1.45	0.86
U	-0.94	-0.63	-1.12	1.28


	AA	AC	AG	AU	CA	CC	CG	CU	GA	GC	GG	GU	UA	UC	UG	UU
AA	-2.93
AC	-9.20	-1.90
AG	-8.30	-9.88	-2.48
AU	-4.79	-1.67	-5.98	4.13
CA	-10.03	-10.81	-9.57	-5.54	-3.32
CC	-12.62	-8.67	-13.19	-2.48	-10.33	-3.46
CG	-3.56	-5.04	-4.19	2.10	-3.04	-4.57	5.26
CU	-11.68	-9.29	-8.63	-4.13	-8.07	-6.56	-4.00	-1.53
GA	-8.50	-9.77	-7.96	-4.60	-8.14	-12.30	-4.37	-7.56	-1.65
GC	-5.13	-3.60	-5.40	2.93	-5.12	-3.50	2.86	-2.10	-2.38	5.55
GG	-9.51	-9.55	-4.51	-5.51	-11.11	-12.10	-4.56	-9.30	-6.80	-3.94	-2.13
GU	-6.17	-4.49	-6.84	0.65	-6.70	-7.17	0.38	-4.18	-6.10	1.47	-5.76	3.21
UA	-2.42	-5.42	-2.84	1.85	-3.04	-6.21	3.04	-4.32	-4.63	1.92	-6.18	0.04	4.61
UC	-11.12	-8.49	-8.48	-4.41	-8.43	-8.27	-4.70	-4.52	-7.03	-3.57	-11.22	-4.62	-3.54	-4.09
UG	-3.57	-6.89	-6.08	-0.68	-6.07	-7.87	1.25	-6.47	-7.08	0.23	-4.38	-1.33	0.89	-4.52	3.10
UU	-10.00	-7.73	-10.70	-3.19	-8.45	-6.69	-3.11	-5.06	-10.68	-3.07	-9.65	-2.98	-1.70	-6.42	-4.11	-1.05


BASE FREQUENCIES
2.57081e-01 2.19853e-01 2.93959e-01 2.29107e-01 

BASE PAIR FREQUENCIES
2.48979e-03 2.41121e-03 2.62041e-03 1.35339e-01 
2.09031e-03 1.16276e-03 2.54691e-01 2.83883e-03 
4.08832e-03 2.78656e-01 3.17811e-03 7.28948e-02 
1.58968e-01 1.40400e-03 7.30450e-02 4.12324e-03 


BASE MATCH FREQUENCIES
2.51092e-01 2.57693e-02 4.17617e-02 3.07028e-02 2.57693e-02 9.28405e-02 2.37152e-02 3.26586e-02 4.17617e-02 2.37152e-02 1.57328e-01 3.10580e-02 3.07028e-02 3.26586e-02 3.10580e-02 1.27408e-01 

BASE PAIR MATCH FREQUENCIES
5.74850e-04 6.35266e-06 1.58290e-05 1.40707e-04 3.57889e-06 5.07153e-07 3.62429e-04 1.01115e-06 1.37562e-05 1.21670e-04 7.82481e-06 6.19271e-05 7.29587e-04 1.49324e-06 3.75478e-04 3.38732e-06 
6.35266e-06 8.55626e-04 4.53266e-06 1.04930e-03 1.77912e-06 6.72707e-06 1.10716e-04 4.53476e-06 4.90612e-06 3.01521e-04 6.51919e-06 1.68970e-04 7.77256e-05 7.90329e-06 3.21058e-05 1.39546e-05 
1.58290e-05 4.53266e-06 1.02508e-03 7.03435e-05 5.62895e-06 3.89793e-07 2.67022e-04 9.60423e-06 2.29045e-05 1.15794e-04 2.86768e-04 4.45402e-05 6.22219e-04 1.06886e-05 7.50128e-05 2.38361e-06 
1.40707e-04 1.04930e-03 7.03435e-05 6.06868e-02 7.14718e-05 5.09532e-04 1.62864e-02 1.69179e-04 1.82945e-04 2.89249e-02 1.11746e-04 6.24579e-03 1.25410e-02 1.39427e-04 2.47487e-03 3.39771e-04 
3.57889e-06 1.77912e-06 5.62895e-06 7.14718e-05 3.19126e-04 2.11649e-06 4.43639e-04 1.05764e-05 1.51862e-05 1.04836e-04 2.20804e-06 3.66509e-05 4.05006e-04 8.25272e-06 5.67104e-05 8.49859e-06 
5.07153e-07 6.72707e-06 3.89793e-07 5.09532e-04 2.11649e-06 2.12903e-04 1.31119e-04 2.58117e-05 7.25267e-07 2.76430e-04 9.53240e-07 2.26264e-05 3.85497e-05 7.87890e-06 1.39249e-05 2.46440e-05 
3.62429e-04 1.10716e-04 2.67022e-04 1.62864e-02 4.43639e-04 1.31119e-04 1.59818e-01 2.04098e-04 2.35762e-04 3.04269e-02 2.36707e-04 5.65413e-03 3.12674e-02 1.25373e-04 1.03794e-02 3.91744e-04 
1.01115e-06 4.53476e-06 9.60423e-06 1.69179e-04 1.05764e-05 2.58117e-05 2.04098e-04 8.78163e-04 2.01321e-05 7.59264e-04 6.91063e-06 1.87199e-04 1.48331e-04 1.10281e-04 3.83982e-05 7.90562e-05 
1.37562e-05 4.90612e-06 2.29045e-05 1.82945e-04 1.51862e-05 7.25267e-07 2.35762e-04 2.01321e-05 1.82424e-03 9.41488e-04 5.87659e-05 7.40060e-05 1.79598e-04 2.90511e-05 3.75574e-05 2.41300e-06 
1.21670e-04 3.01521e-04 1.15794e-04 2.89249e-02 1.04836e-04 2.76430e-04 3.04269e-02 7.59264e-04 9.41488e-04 1.95552e-01 3.64670e-04 1.20781e-02 1.43813e-02 2.75052e-04 5.09979e-03 4.02638e-04 
7.82481e-06 6.51919e-06 2.86768e-04 1.11746e-04 2.20804e-06 9.53240e-07 2.36707e-04 6.91063e-06 5.87659e-05 3.64670e-04 1.70687e-03 1.07518e-04 7.01753e-05 1.82881e-06 2.78679e-04 5.63406e-06 
6.19271e-05 1.68970e-04 4.45402e-05 6.24579e-03 3.66509e-05 2.26264e-05 5.65413e-03 1.87199e-04 7.40060e-05 1.20781e-02 1.07518e-04 4.18452e-02 4.06470e-03 1.37651e-04 1.79952e-03 4.46898e-04 
7.29587e-04 7.77256e-05 6.22219e-04 1.25410e-02 4.05006e-04 3.85497e-05 3.12674e-02 1.48331e-04 1.79598e-04 1.43813e-02 7.01753e-05 4.06470e-03 8.45097e-02 2.54670e-04 7.35966e-03 9.50124e-04 
1.49324e-06 7.90329e-06 1.06886e-05 1.39427e-04 8.25272e-06 7.87890e-06 1.25373e-04 1.10281e-04 2.90511e-05 2.75052e-04 1.82881e-06 1.37651e-04 2.54670e-04 1.48962e-04 1.47511e-04 3.09106e-05 
3.75478e-04 3.21058e-05 7.50128e-05 2.47487e-03 5.67104e-05 1.39249e-05 1.03794e-02 3.83982e-05 3.75574e-05 5.09979e-03 2.78679e-04 1.79952e-03 7.35966e-03 1.47511e-04 3.89935e-02 2.04111e-04 
3.38732e-06 1.39546e-05 2.38361e-06 3.39771e-04 8.49859e-06 2.46440e-05 3.91744e-04 7.90562e-05 2.41300e-06 4.02638e-04 5.63406e-06 4.46898e-04 9.50124e-04 3.09106e-05 2.04111e-04 1.33245e-03 

