RIBOSUM

	A	C	G	U
A	1.91
C	-1.19	0.97
G	-0.90	-1.59	0.90
U	-0.92	-0.61	-1.17	1.31


	AA	AC	AG	AU	CA	CC	CG	CU	GA	GC	GG	GU	UA	UC	UG	UU
AA	-2.48
AC	-7.15	-1.35
AG	-7.79	-10.47	-2.77
AU	-4.19	-1.97	-5.49	4.17
CA	-9.75	-10.79	-10.38	-5.09	-2.68
CC	-11.06	-7.19	-13.10	-3.75	-10.29	-3.31
CG	-3.59	-4.47	-3.85	2.08	-2.79	-3.88	5.32
CU	-11.38	-8.88	-8.14	-4.26	-7.44	-4.86	-4.10	-0.99
GA	-7.22	-10.24	-8.35	-4.67	-7.11	-12.12	-4.31	-8.14	-1.55
GC	-4.51	-3.32	-5.08	2.99	-4.57	-2.83	2.72	-3.16	-2.73	5.61
GG	-9.00	-10.23	-4.58	-5.01	-10.98	-12.52	-4.63	-11.56	-6.23	-3.51	-2.20
GU	-4.79	-3.74	-5.83	0.75	-6.62	-6.74	0.24	-4.47	-5.34	1.56	-5.41	3.16
UA	-3.17	-5.06	-3.81	1.77	-2.77	-5.16	3.04	-4.49	-4.40	2.01	-5.60	-0.23	4.55
UC	-9.63	-7.73	-8.85	-4.53	-8.66	-7.62	-4.84	-4.84	-7.22	-3.57	-10.15	-4.85	-3.57	-4.62
UG	-4.75	-6.44	-5.64	-0.54	-5.29	-7.02	1.36	-6.15	-6.48	0.29	-5.00	-1.61	1.00	-4.96	3.09
UU	-8.27	-7.09	-9.86	-2.85	-8.56	-5.66	-2.77	-4.65	-9.38	-2.60	-10.39	-3.39	-2.40	-5.86	-3.67	-1.01


BASE FREQUENCIES
2.61069e-01 2.16914e-01 2.90188e-01 2.31829e-01 

BASE PAIR FREQUENCIES
2.65349e-03 2.92188e-03 2.60786e-03 1.40127e-01 
2.21415e-03 1.24275e-03 2.50496e-01 2.76879e-03 
4.03856e-03 2.74697e-01 3.12965e-03 7.17609e-02 
1.62473e-01 1.32599e-03 7.31904e-02 4.35265e-03 


BASE MATCH FREQUENCIES
2.55264e-01 2.47855e-02 4.04728e-02 3.19996e-02 2.47855e-02 9.22839e-02 2.08656e-02 3.28890e-02 4.04728e-02 2.08656e-02 1.57520e-01 2.98811e-02 3.19996e-02 3.28890e-02 2.98811e-02 1.33145e-01 

BASE PAIR MATCH FREQUENCIES
8.32408e-04 2.71893e-05 2.33602e-05 2.25919e-04 4.48760e-06 1.50018e-06 3.55374e-04 1.28354e-06 3.45575e-05 1.88622e-04 1.12394e-05 1.65374e-04 4.59709e-04 4.32763e-06 1.70518e-04 1.18757e-05 
2.71893e-05 1.26143e-03 3.01762e-06 8.73112e-04 1.80505e-06 1.82155e-05 1.60723e-04 6.03164e-06 3.55371e-06 3.57946e-04 3.96452e-06 2.85113e-04 1.02495e-04 1.33994e-05 4.37327e-05 2.23602e-05 
2.33602e-05 3.01762e-06 8.40657e-04 1.02195e-04 3.21540e-06 4.07217e-07 3.31333e-04 1.34757e-05 1.75935e-05 1.41323e-04 2.66433e-04 8.97450e-05 3.26995e-04 8.23871e-06 1.02169e-04 4.38735e-06 
2.25919e-04 8.73112e-04 1.02195e-04 6.59392e-02 1.00564e-04 2.12122e-04 1.60529e-02 1.58330e-04 1.80150e-04 3.02938e-02 1.58188e-04 6.86413e-03 1.25229e-02 1.31842e-04 2.79528e-03 4.50556e-04 
4.48760e-06 1.80505e-06 3.21540e-06 1.00564e-04 5.01658e-04 2.13054e-06 5.14093e-04 1.64550e-05 3.10765e-05 1.49738e-04 2.35495e-06 3.87837e-05 5.01387e-04 7.03142e-06 9.73521e-05 8.05477e-06 
1.50018e-06 1.82155e-05 4.07217e-07 2.12122e-04 2.13054e-06 2.23631e-04 2.00668e-04 8.16597e-05 7.99143e-07 4.17747e-04 6.75759e-07 2.96541e-05 7.98744e-05 1.20207e-05 2.44362e-05 5.01205e-05 
3.55374e-04 1.60723e-04 3.31333e-04 1.60529e-02 5.14093e-04 2.00668e-04 1.58471e-01 1.84646e-04 2.40248e-04 2.61040e-02 2.13428e-04 5.01607e-03 3.13384e-02 1.10827e-04 1.08557e-02 4.97365e-04 
1.28354e-06 6.03164e-06 1.34757e-05 1.58330e-04 1.64550e-05 8.16597e-05 1.84646e-04 1.27185e-03 1.35413e-05 3.53489e-04 1.40257e-06 1.52573e-04 1.35756e-04 8.84158e-05 4.77866e-05 1.07454e-04 
3.45575e-05 3.55371e-06 1.75935e-05 1.80150e-04 3.10765e-05 7.99143e-07 2.40248e-04 1.35413e-05 1.95556e-03 7.18543e-04 8.48939e-05 1.25975e-04 2.17030e-04 2.55181e-05 5.72666e-05 6.11919e-06 
1.88622e-04 3.57946e-04 1.41323e-04 3.02938e-02 1.49738e-04 4.17747e-04 2.61040e-02 3.53489e-04 7.18543e-04 1.93553e-01 4.65121e-04 1.24763e-02 1.53639e-02 2.66471e-04 5.17359e-03 5.58791e-04 
1.12394e-05 3.96452e-06 2.66433e-04 1.58188e-04 2.35495e-06 6.75759e-07 2.13428e-04 1.40257e-06 8.48939e-05 4.65121e-04 1.54859e-03 1.33046e-04 1.05231e-04 3.72429e-06 1.76824e-04 3.36348e-06 
1.65374e-04 2.85113e-04 8.97450e-05 6.86413e-03 3.87837e-05 2.96541e-05 5.01607e-03 1.52573e-04 1.25975e-04 1.24763e-02 1.33046e-04 4.04043e-02 3.46355e-03 1.17004e-04 1.48682e-03 3.45051e-04 
4.59709e-04 1.02495e-04 3.26995e-04 1.25229e-02 5.01387e-04 7.98744e-05 3.13384e-02 1.35756e-04 2.17030e-04 1.53639e-02 1.05231e-04 3.46355e-03 8.61058e-02 2.55496e-04 8.11798e-03 6.16884e-04 
4.32763e-06 1.33994e-05 8.23871e-06 1.31842e-04 7.03142e-06 1.20207e-05 1.10827e-04 8.84158e-05 2.55181e-05 2.66471e-04 3.72429e-06 1.17004e-04 2.55496e-04 1.02967e-04 1.08900e-04 4.63754e-05 
1.70518e-04 4.37327e-05 1.02169e-04 2.79528e-03 9.73521e-05 2.44362e-05 1.08557e-02 4.77866e-05 5.72666e-05 5.17359e-03 1.76824e-04 1.48682e-03 8.11798e-03 1.08900e-04 3.86676e-02 2.84365e-04 
1.18757e-05 2.23602e-05 4.38735e-06 4.50556e-04 8.05477e-06 5.01205e-05 4.97365e-04 1.07454e-04 6.11919e-06 5.58791e-04 3.36348e-06 3.45051e-04 6.16884e-04 4.63754e-05 2.84365e-04 1.43910e-03 

