RIBOSUM

	A	C	G	U
A	1.72
C	-0.93	0.89
G	-0.68	-1.27	0.82
U	-0.74	-0.49	-0.94	1.10


	AA	AC	AG	AU	CA	CC	CG	CU	GA	GC	GG	GU	UA	UC	UG	UU
AA	-3.06
AC	-7.66	-1.38
AG	-8.28	-10.65	-3.20
AU	-4.30	-1.77	-5.43	3.92
CA	-10.15	-10.96	-10.60	-5.05	-3.16
CC	-11.28	-7.45	-13.02	-2.86	-10.44	-3.68
CG	-3.31	-4.04	-3.36	2.28	-2.67	-3.92	5.29
CU	-11.68	-8.90	-8.18	-3.83	-7.88	-5.29	-3.90	-1.47
GA	-7.74	-10.33	-8.66	-4.32	-7.23	-11.40	-4.35	-7.42	-2.03
GC	-4.38	-3.30	-5.08	3.12	-4.07	-2.74	3.10	-2.16	-2.14	5.60
GG	-9.30	-10.39	-4.40	-4.83	-11.19	-12.04	-4.57	-9.35	-6.47	-3.48	-2.20
GU	-4.99	-3.85	-6.00	0.76	-6.45	-6.60	0.60	-4.22	-5.28	1.66	-5.39	3.03
UA	-2.67	-4.79	-2.98	1.88	-2.95	-5.21	3.16	-4.18	-4.32	2.20	-5.62	0.11	4.34
UC	-9.99	-7.81	-8.64	-4.22	-8.99	-7.97	-4.41	-5.25	-7.56	-3.22	-10.34	-4.71	-3.71	-5.02
UG	-3.71	-6.00	-5.78	-0.50	-5.34	-6.96	1.40	-5.73	-6.52	0.49	-4.77	-1.24	0.97	-4.45	3.00
UU	-8.82	-7.51	-10.22	-2.81	-8.89	-6.15	-2.45	-5.22	-9.76	-2.42	-10.24	-3.15	-1.71	-6.32	-3.54	-1.59


BASE FREQUENCIES
2.65226e-01 2.12729e-01 2.84221e-01 2.37824e-01 

BASE PAIR FREQUENCIES
2.87739e-03 2.92767e-03 2.56046e-03 1.46363e-01 
2.33716e-03 1.26302e-03 2.44242e-01 2.92525e-03 
3.99734e-03 2.68396e-01 2.99355e-03 7.18351e-02 
1.67540e-01 1.40207e-03 7.37224e-02 4.61738e-03 


BASE MATCH FREQUENCIES
2.31092e-01 2.97060e-02 4.69741e-02 3.76557e-02 2.97060e-02 8.39893e-02 2.50569e-02 3.60704e-02 4.69741e-02 2.50569e-02 1.42689e-01 3.51423e-02 3.76557e-02 3.60704e-02 3.51423e-02 1.21019e-01 

BASE PAIR MATCH FREQUENCIES
5.91844e-04 1.96724e-05 1.70947e-05 2.25250e-04 3.49925e-06 1.28116e-06 4.28517e-04 1.08555e-06 2.48874e-05 2.04673e-04 9.02031e-06 1.49488e-04 6.96803e-04 3.50733e-06 3.63704e-04 8.78036e-06 
1.96724e-05 1.22003e-03 2.65071e-06 1.04436e-03 1.59949e-06 1.46121e-05 2.06678e-04 5.97524e-06 3.30000e-06 3.46925e-04 3.39334e-06 2.64794e-04 1.28585e-04 1.27481e-05 5.96608e-05 1.74830e-05 
1.70947e-05 2.65071e-06 6.17123e-04 1.09988e-04 2.73489e-06 4.10606e-07 4.44503e-04 1.31363e-05 1.40537e-05 1.34690e-04 2.88330e-04 7.97698e-05 6.02762e-04 9.56506e-06 9.28029e-05 3.58379e-06 
2.25250e-04 1.04436e-03 1.09988e-04 6.01479e-02 1.07359e-04 3.92339e-04 1.85062e-02 2.24694e-04 2.37834e-04 3.30844e-02 1.78672e-04 7.22951e-03 1.46765e-02 1.71570e-04 3.02316e-03 5.08685e-04 
3.49925e-06 1.59949e-06 2.73489e-06 1.07359e-04 3.57110e-04 1.84309e-06 5.34606e-04 1.20987e-05 2.84248e-05 2.03448e-04 1.94597e-06 4.34852e-05 4.59742e-04 5.60227e-06 9.38642e-05 6.70456e-06 
1.28116e-06 1.46121e-05 4.10606e-07 3.92339e-04 1.84309e-06 1.59482e-04 1.80811e-04 5.86263e-05 1.26027e-06 4.10618e-04 8.67742e-07 3.14460e-05 7.70799e-05 9.11124e-06 2.44960e-05 3.60429e-05 
4.28517e-04 2.06678e-04 4.44503e-04 1.85062e-02 5.34606e-04 1.80811e-04 1.43295e-01 2.04632e-04 2.22760e-04 3.12582e-02 2.06289e-04 6.17633e-03 3.40338e-02 1.43465e-04 1.08049e-02 6.27171e-04 
1.08555e-06 5.97524e-06 1.31363e-05 2.24694e-04 1.20987e-05 5.86263e-05 2.04632e-04 9.22893e-04 2.23100e-05 6.84099e-04 6.24744e-06 1.82883e-04 1.76299e-04 6.72612e-05 6.45059e-05 7.69506e-05 
2.48874e-05 3.30000e-06 1.40537e-05 2.37834e-04 2.84248e-05 1.26027e-06 2.22760e-04 2.23100e-05 1.39396e-03 1.03436e-03 6.85473e-05 1.31052e-04 2.38185e-04 2.02186e-05 5.55284e-05 4.92775e-06 
2.04673e-04 3.46925e-04 1.34690e-04 3.30844e-02 2.03448e-04 4.10618e-04 3.12582e-02 6.84099e-04 1.03436e-03 1.77450e-01 4.37607e-04 1.28759e-02 1.75587e-02 3.27613e-04 5.72760e-03 6.36963e-04 
9.02031e-06 3.39334e-06 2.88330e-04 1.78672e-04 1.94597e-06 8.67742e-07 2.06289e-04 6.24744e-06 6.85473e-05 4.37607e-04 1.42015e-03 1.30065e-04 1.03574e-04 3.15064e-06 2.00123e-04 3.78200e-06 
1.49488e-04 2.64794e-04 7.97698e-05 7.22951e-03 4.34852e-05 3.14460e-05 6.17633e-03 1.82883e-04 1.31052e-04 1.28759e-02 1.30065e-04 3.73582e-02 4.59468e-03 1.30481e-04 1.93045e-03 4.29910e-04 
6.96803e-04 1.28585e-04 6.02762e-04 1.46765e-02 4.59742e-04 7.70799e-05 3.40338e-02 1.76299e-04 2.38185e-04 1.75587e-02 1.03574e-04 4.59468e-03 8.04559e-02 2.43353e-04 8.37482e-03 1.08910e-03 
3.50733e-06 1.27481e-05 9.56506e-06 1.71570e-04 5.60227e-06 9.11124e-06 1.43465e-04 6.72612e-05 2.02186e-05 3.27613e-04 3.15064e-06 1.30481e-04 2.43353e-04 7.87365e-05 1.56317e-04 3.58774e-05 
3.63704e-04 5.96608e-05 9.28029e-05 3.02316e-03 9.38642e-05 2.44960e-05 1.08049e-02 6.45059e-05 5.55284e-05 5.72760e-03 2.00123e-04 1.93045e-03 8.37482e-03 1.56317e-04 3.65514e-02 3.27708e-04 
8.78036e-06 1.74830e-05 3.58379e-06 5.08685e-04 6.70456e-06 3.60429e-05 6.27171e-04 7.69506e-05 4.92775e-06 6.36963e-04 3.78200e-06 4.29910e-04 1.08910e-03 3.58774e-05 3.27708e-04 1.06412e-03 

