RIBOSUM

	A	C	G	U
A	2.22
C	-5.51	1.93
G	-5.09	-5.91	1.60
U	-4.47	-3.33	-5.36	1.88


	AA	AC	AG	AU	CA	CC	CG	CU	GA	GC	GG	GU	UA	UC	UG	UU
AA	-0.62
AC	-9.92	-0.92
AG	-9.41	-9.98	-0.64
AU	-6.02	-6.29	-9.66	5.05
CA	-9.90	-12.48	-11.31	-11.89	-0.79
CC	-18.57	-9.72	-13.84	-10.66	-10.87	-0.50
CG	-9.44	-9.50	-5.25	-3.64	-4.79	-5.93	6.32
CU	-15.85	-15.54	-13.34	-8.10	-12.82	-10.15	-6.32	0.24
GA	-7.76	-14.82	-10.76	-10.93	-11.69	-17.13	-11.89	-inf	-0.87
GC	-9.91	-3.80	-10.18	-1.53	-11.10	-5.47	-3.02	-10.15	-6.89	6.47
GG	-13.75	-11.72	-8.91	-10.55	-12.60	-15.02	-6.63	-15.40	-10.60	-4.08	-1.81
GU	-11.07	-7.87	-11.91	-2.37	-12.79	-9.91	-5.12	-7.30	-8.41	-0.84	-6.44	3.95
UA	-6.20	-11.52	-11.63	-4.35	-4.86	-10.01	-1.44	-10.76	-9.23	-4.33	-10.02	-6.35	5.13
UC	-12.99	-9.75	-14.51	-11.70	-13.02	-8.74	-8.89	-10.31	-17.02	-5.20	-12.09	-8.68	-7.06	-0.52
UG	-11.35	-12.04	-7.02	-6.01	-8.45	-11.53	-1.22	-11.23	-10.51	-5.17	-6.35	-6.93	-2.78	-8.22	3.84
UU	-18.00	-12.17	-15.21	-6.67	-11.73	-10.41	-7.84	-7.69	-16.75	-7.89	-14.19	-6.79	-5.29	-6.64	-7.57	-0.13


BASE FREQUENCIES
2.81071e-01 1.99613e-01 2.60395e-01 2.58921e-01 

BASE PAIR FREQUENCIES
4.42457e-03 1.96483e-03 3.62088e-03 1.79033e-01 
2.10127e-03 1.22949e-03 2.20016e-01 3.23456e-03 
3.00142e-03 2.43096e-01 1.69776e-03 7.36206e-02 
1.88239e-01 2.06597e-03 6.81405e-02 4.51448e-03 


BASE MATCH FREQUENCIES
3.67435e-01 1.23216e-03 2.14383e-03 3.28434e-03 1.23216e-03 1.51813e-01 8.61556e-04 5.13604e-03 2.14383e-03 8.61556e-04 2.05768e-01 1.64338e-03 3.28434e-03 5.13604e-03 1.64338e-03 2.46381e-01 

BASE PAIR MATCH FREQUENCIES
4.07153e-03 4.57332e-06 8.50200e-06 8.84360e-05 4.63008e-06 8.10872e-09 5.92342e-06 6.89241e-08 2.65949e-05 4.26519e-06 3.89219e-07 2.48127e-06 7.80584e-05 5.02741e-07 2.04745e-06 2.02718e-08 
4.57332e-06 1.66365e-03 4.07869e-06 5.21094e-05 5.51393e-07 2.64344e-06 4.03409e-06 6.08154e-08 1.41903e-07 2.09898e-04 1.13117e-06 1.62134e-05 1.39065e-06 3.37323e-06 9.00068e-07 8.14927e-07 
8.50200e-06 4.07869e-06 3.44246e-03 6.58834e-06 1.61364e-06 1.98664e-07 9.97495e-05 3.64893e-07 3.08537e-06 3.27592e-06 1.03102e-05 1.28118e-06 1.68256e-06 1.62174e-07 3.81377e-05 1.29740e-07 
8.84360e-05 5.21094e-05 6.58834e-06 1.75272e-01 1.07846e-06 1.79203e-06 3.03814e-04 1.36632e-05 2.72859e-06 1.30866e-03 3.28809e-06 9.49897e-04 2.59044e-04 1.12711e-06 7.59544e-05 4.77547e-05 
4.63008e-06 5.51393e-07 1.61364e-06 1.07846e-06 1.81624e-03 1.19604e-06 1.05259e-04 4.01382e-07 1.24469e-06 1.32983e-06 6.12209e-07 5.35176e-07 1.40113e-04 3.48675e-07 1.08373e-05 1.10684e-06 
8.10872e-09 2.64344e-06 1.98664e-07 1.79203e-06 1.19604e-06 1.12275e-03 3.39553e-05 1.81230e-06 2.02718e-08 4.68117e-05 8.10872e-08 2.80156e-06 2.81373e-06 4.82874e-06 9.08177e-07 1.95826e-06 
5.92342e-06 4.03409e-06 9.97495e-05 3.03814e-04 1.05259e-04 3.39553e-05 2.16410e-01 3.35823e-05 1.00548e-06 3.32810e-04 3.56257e-05 1.01108e-04 1.39478e-03 5.65989e-06 1.50651e-03 1.52322e-05 
6.89241e-08 6.08154e-08 3.64893e-07 1.36632e-05 4.01382e-07 1.81230e-06 3.35823e-05 3.15671e-03 0.00000e+00 2.37180e-06 8.10872e-08 2.20963e-05 2.16908e-06 2.10421e-06 1.44741e-06 1.67992e-05 
2.65949e-05 1.41903e-07 3.08537e-06 2.72859e-06 1.24469e-06 2.02718e-08 1.00548e-06 0.00000e+00 2.92340e-03 3.20741e-05 3.19889e-06 1.44862e-05 8.86283e-06 2.83805e-08 3.39350e-06 4.45980e-08 
4.26519e-06 2.09898e-04 3.27592e-06 1.30866e-03 1.32983e-06 4.68117e-05 3.32810e-04 2.37180e-06 3.20741e-05 2.39762e-01 2.08309e-04 1.95202e-03 1.88471e-04 7.31082e-05 9.71668e-05 1.46403e-05 
3.89219e-07 1.13117e-06 1.03102e-05 3.28809e-06 6.12209e-07 8.10872e-08 3.56257e-05 8.10872e-08 3.19889e-06 2.08309e-04 1.31574e-03 5.24959e-05 4.74360e-06 8.02764e-07 5.59218e-05 2.43262e-07 
2.48127e-06 1.62134e-05 1.28118e-06 9.49897e-04 5.35176e-07 2.80156e-06 1.01108e-04 2.20963e-05 1.44862e-05 1.95202e-03 5.24959e-05 7.04391e-02 6.01424e-05 8.47767e-06 3.73001e-05 4.09328e-05 
7.80584e-05 1.39065e-06 1.68256e-06 2.59044e-04 1.40113e-04 2.81373e-06 1.39478e-03 2.16908e-06 8.86283e-06 1.88471e-04 4.74360e-06 6.01424e-05 1.84921e-01 2.82232e-05 7.12180e-04 1.24941e-04 
5.02741e-07 3.37323e-06 1.62174e-07 1.12711e-06 3.48675e-07 4.82874e-06 5.65989e-06 2.10421e-06 2.83805e-08 7.31082e-05 8.02764e-07 8.47767e-06 2.82232e-05 1.86782e-03 1.16924e-05 3.48189e-05 
2.04745e-06 9.00068e-07 3.81377e-05 7.59544e-05 1.08373e-05 9.08177e-07 1.50651e-03 1.44741e-06 3.39350e-06 9.71668e-05 5.59218e-05 3.73001e-05 7.12180e-04 1.16924e-05 6.51342e-02 2.38194e-05 
2.02718e-08 8.14927e-07 1.29740e-07 4.77547e-05 1.10684e-06 1.95826e-06 1.52322e-05 1.67992e-05 4.45980e-08 1.46403e-05 2.43262e-07 4.09328e-05 1.24941e-04 3.48189e-05 2.38194e-05 4.11401e-03 

