RIBOSUM

	A	C	G	U
A	1.20
C	-0.55	0.86
G	-0.36	-1.05	0.75
U	-0.46	-0.32	-0.68	0.71


	AA	AC	AG	AU	CA	CC	CG	CU	GA	GC	GG	GU	UA	UC	UG	UU
AA	-5.29
AC	-11.67	-3.03
AG	-10.37	-11.40	-3.71
AU	-5.33	-2.03	-4.67	3.48
CA	-10.74	-11.29	-12.04	-5.64	-4.65
CC	-12.96	-8.93	-12.64	-3.26	-12.14	-4.08
CG	-3.81	-4.98	-1.81	2.49	-2.76	-5.35	5.70
CU	-12.00	-10.08	-5.37	-3.86	-10.45	-5.07	-3.22	-2.78
GA	-6.80	-9.63	-9.37	-4.12	-5.29	-11.49	-4.72	-5.10	-3.49
GC	-3.46	-3.16	-4.01	3.47	-4.16	-3.83	3.32	-2.27	-2.07	5.97
GG	-11.24	-10.92	-4.71	-5.41	-12.00	-11.79	-4.74	-10.85	-7.32	-4.13	-3.88
GU	-6.03	-3.71	-6.40	0.89	-6.73	-6.75	0.79	-3.41	-6.58	1.93	-4.76	2.81
UA	-3.39	-5.98	-3.45	1.90	-2.77	-5.29	3.55	-2.82	-3.58	2.60	-5.57	0.17	3.95
UC	-14.00	-10.83	-10.70	-5.80	-10.77	-10.24	-5.16	-7.04	-8.82	-4.36	-13.02	-5.90	-3.93	-6.60
UG	-4.77	-4.60	-5.12	-0.49	-5.97	-8.63	1.62	-5.42	-7.40	0.36	-5.49	-1.03	1.06	-4.38	2.75
UU	-12.22	-9.28	-10.74	-3.55	-8.28	-8.96	-2.17	-5.56	-10.92	-2.56	-11.57	-3.16	-1.79	-6.38	-2.65	-1.78


BASE FREQUENCIES
2.93481e-01 1.88282e-01 2.54045e-01 2.64192e-01 

BASE PAIR FREQUENCIES
3.12543e-03 2.24114e-03 2.97397e-03 1.80038e-01 
1.98175e-03 9.31206e-04 2.12095e-01 2.82928e-03 
3.25030e-03 2.37133e-01 2.01427e-03 7.09441e-02 
2.02019e-01 1.39316e-03 7.12268e-02 5.80429e-03 


BASE MATCH FREQUENCIES
1.98410e-01 3.77925e-02 5.79023e-02 5.64814e-02 3.77925e-02 6.41628e-02 2.30683e-02 3.99622e-02 5.79023e-02 2.30683e-02 1.08794e-01 4.18536e-02 5.64814e-02 3.99622e-02 4.18536e-02 1.14512e-01 

BASE PAIR MATCH FREQUENCIES
1.89654e-04 1.45820e-06 4.84927e-06 1.66329e-04 2.78775e-06 3.84194e-07 2.93163e-04 1.04299e-06 5.78126e-05 3.73610e-04 2.30152e-06 8.82544e-05 6.36712e-04 2.61580e-07 2.11289e-04 1.25801e-06 
1.45820e-06 3.73690e-04 1.52654e-06 1.05190e-03 1.21818e-06 4.01345e-06 8.37303e-05 2.53532e-06 5.19069e-06 2.94772e-04 1.84600e-06 2.83369e-04 6.79725e-05 1.51245e-06 1.53316e-04 6.19774e-06 
4.84927e-06 1.52654e-06 4.25822e-04 2.26328e-04 9.76949e-07 4.13799e-07 1.01541e-03 8.96763e-05 8.39516e-06 2.22078e-04 1.84001e-04 5.92681e-05 5.27277e-04 2.22240e-06 1.43996e-04 3.04140e-06 
1.66329e-04 1.05190e-03 2.26328e-04 6.72269e-02 8.59274e-05 2.87064e-04 2.08992e-02 2.65434e-04 3.33483e-04 4.12166e-02 1.17632e-04 9.61945e-03 2.24765e-02 6.91268e-05 3.70260e-03 4.61361e-04 
2.78775e-06 1.21818e-06 9.76949e-07 8.59274e-05 1.21999e-04 4.32646e-07 3.89507e-04 1.96234e-06 1.05605e-04 1.48120e-04 8.68116e-07 3.49055e-05 6.27451e-04 1.57850e-06 5.92127e-05 1.23874e-05 
3.84194e-07 4.01345e-06 4.13799e-07 2.87064e-04 4.32646e-07 7.43415e-05 4.16056e-05 5.23257e-05 9.20828e-07 1.19001e-04 6.46558e-07 2.21688e-05 7.03900e-05 1.45314e-06 6.01338e-06 4.96394e-06 
2.93163e-04 8.37303e-05 1.01541e-03 2.08992e-02 3.89507e-04 4.16056e-05 1.18655e-01 2.54531e-04 1.35448e-04 2.28563e-02 1.15876e-04 5.57000e-03 4.33995e-02 6.66225e-05 9.86638e-03 7.43758e-04 
1.04299e-06 2.53532e-06 8.96763e-05 2.65434e-04 1.96234e-06 5.23257e-05 2.54531e-04 3.59689e-04 1.07946e-04 4.94312e-04 1.74182e-06 3.13329e-04 5.44925e-04 1.88300e-05 7.79400e-05 7.37616e-05 
5.78126e-05 5.19069e-06 8.39516e-06 3.33483e-04 1.05605e-04 9.20828e-07 1.35448e-04 1.07946e-04 4.95844e-04 8.46916e-04 3.00790e-05 5.23194e-05 4.83201e-04 8.20624e-06 2.95752e-05 2.68889e-06 
3.73610e-04 2.94772e-04 2.22078e-04 4.12166e-02 1.48120e-04 1.19001e-04 2.28563e-02 4.94312e-04 8.46916e-04 1.43509e-01 1.76704e-04 1.21920e-02 2.24397e-02 1.15835e-04 4.12166e-03 5.64970e-04 
2.30152e-06 1.84600e-06 1.84001e-04 1.17632e-04 8.68116e-07 6.46558e-07 1.15876e-04 1.74182e-06 3.00790e-05 1.76704e-04 2.83451e-04 1.59495e-04 1.05521e-04 3.85863e-07 9.62952e-05 1.48670e-06 
8.82544e-05 2.83369e-04 5.92681e-05 9.61945e-03 3.49055e-05 2.21688e-05 5.57000e-03 3.13329e-04 5.23194e-05 1.21920e-02 1.59495e-04 3.16393e-02 5.85794e-03 5.58651e-05 2.20226e-03 5.24919e-04 
6.36712e-04 6.79725e-05 5.27277e-04 2.24765e-02 6.27451e-04 7.03900e-05 4.33995e-02 5.44925e-04 4.83201e-04 2.24397e-02 1.05521e-04 5.85794e-03 9.31186e-02 2.53756e-04 1.08545e-02 1.56980e-03 
2.61580e-07 1.51245e-06 2.22240e-06 6.91268e-05 1.57850e-06 1.45314e-06 6.66225e-05 1.88300e-05 8.20624e-06 1.15835e-04 3.85863e-07 5.58651e-05 2.53756e-04 2.55125e-05 1.60368e-04 4.17554e-05 
2.11289e-04 1.53316e-04 1.43996e-04 3.70260e-03 5.92127e-05 6.01338e-06 9.86638e-03 7.79400e-05 2.95752e-05 4.12166e-03 9.62952e-05 2.20226e-03 1.08545e-02 1.60368e-04 3.03721e-02 7.46895e-04 
1.25801e-06 6.19774e-06 3.04140e-06 4.61361e-04 1.23874e-05 4.96394e-06 7.43758e-04 7.37616e-05 2.68889e-06 5.64970e-04 1.48670e-06 5.24919e-04 1.56980e-03 4.17554e-05 7.46895e-04 1.41738e-03 

