RIBOSUM

	A	C	G	U
A	2.29
C	-2.84	1.50
G	-2.46	-3.18	1.31
U	-2.48	-1.42	-2.72	1.82


	AA	AC	AG	AU	CA	CC	CG	CU	GA	GC	GG	GU	UA	UC	UG	UU
AA	-0.59
AC	-8.31	-0.63
AG	-7.89	-9.12	-1.51
AU	-5.25	-4.66	-6.35	5.00
CA	-9.53	-10.87	-10.82	-7.32	-1.08
CC	-13.34	-7.56	-12.59	-7.66	-9.62	-0.98
CG	-5.79	-6.24	-5.12	0.26	-3.22	-5.07	5.81
CU	-10.30	-11.49	-10.07	-5.94	-9.24	-7.18	-4.98	0.19
GA	-8.63	-7.94	-8.10	-7.90	-8.42	-13.45	-6.29	-9.87	-0.72
GC	-5.12	-3.88	-7.07	1.54	-5.91	-4.38	0.96	-7.37	-4.95	5.95
GG	-10.32	-11.23	-5.01	-8.08	-11.58	-14.17	-5.14	-13.70	-7.55	-5.19	-1.86
GU	-7.01	-5.92	-8.06	-0.09	-8.48	-8.56	-1.61	-6.68	-6.61	0.58	-6.14	3.67
UA	-5.00	-6.58	-7.44	-0.27	-4.23	-7.42	1.72	-5.84	-6.07	-0.04	-7.53	-2.63	5.16
UC	-11.23	-8.97	-10.90	-6.57	-10.42	-7.98	-6.29	-5.76	-9.42	-4.80	-11.15	-4.79	-4.50	-2.19
UG	-7.13	-8.10	-6.39	-2.37	-6.32	-9.02	0.77	-8.69	-8.74	-1.44	-6.31	-3.18	-0.08	-7.37	3.59
UU	-9.65	-8.01	-10.26	-3.46	-7.65	-7.07	-4.22	-6.29	-13.21	-4.19	-11.96	-4.83	-4.13	-4.23	-5.25	-0.02


BASE FREQUENCIES
2.56125e-01 2.17087e-01 2.85168e-01 2.41620e-01 

BASE PAIR FREQUENCIES
3.70709e-03 2.61097e-03 2.49006e-03 1.46184e-01 
2.32158e-03 1.51939e-03 2.49288e-01 3.47168e-03 
3.68657e-03 2.66448e-01 2.61777e-03 7.48720e-02 
1.60939e-01 1.35207e-03 7.36937e-02 4.79777e-03 


BASE MATCH FREQUENCIES
3.20651e-01 7.75238e-03 1.33074e-02 1.10669e-02 7.75238e-03 1.33750e-01 6.83704e-03 1.95446e-02 1.33074e-02 6.83704e-03 2.02084e-01 1.04880e-02 1.10669e-02 1.95446e-02 1.04880e-02 2.05523e-01 

BASE PAIR MATCH FREQUENCIES
2.85422e-03 1.14932e-05 2.02505e-05 1.06379e-04 4.92209e-06 2.97385e-07 7.34435e-05 2.73698e-06 1.20667e-05 1.16574e-04 4.17233e-06 3.51818e-05 1.26998e-04 1.43205e-06 3.22327e-05 4.76270e-06 
1.14932e-05 1.99290e-03 7.31996e-06 1.36407e-04 1.65352e-06 1.39188e-05 4.54456e-05 1.01340e-06 1.65648e-05 2.33864e-04 1.88547e-06 6.34486e-05 3.58807e-05 5.81806e-06 1.39347e-05 1.25523e-05 
2.02505e-05 7.31996e-06 1.87556e-03 5.52678e-05 2.24325e-06 5.58713e-07 1.30120e-04 3.55498e-06 1.95070e-05 3.37626e-05 1.83787e-04 1.88715e-05 2.61009e-05 2.00896e-06 5.98597e-05 3.48283e-06 
1.06379e-04 1.36407e-04 5.52678e-05 1.22367e-01 2.15313e-05 1.44027e-05 4.58940e-03 5.28048e-05 1.89088e-05 1.11303e-02 1.86230e-05 3.99886e-03 3.18709e-03 3.41086e-05 8.25500e-04 3.28541e-04 
4.92209e-06 1.65352e-06 2.24325e-06 2.15313e-05 1.46610e-03 3.33783e-06 3.70220e-04 4.81390e-06 1.18667e-05 5.70981e-05 1.48075e-06 1.07522e-05 1.83930e-04 2.13522e-06 4.78546e-05 1.61975e-05 
2.97385e-07 1.39188e-05 5.58713e-07 1.44027e-05 3.33783e-06 1.12988e-03 8.66596e-05 1.70741e-05 3.07537e-07 1.39708e-04 2.07848e-07 8.57999e-06 1.70402e-05 9.81701e-06 6.26737e-06 2.04762e-05 
7.34435e-05 4.54456e-05 1.30120e-04 4.58940e-03 3.70220e-04 8.66596e-05 2.14307e-01 1.03127e-04 5.75875e-05 7.47891e-03 1.42550e-04 1.40111e-03 1.25896e-02 4.15207e-05 7.26003e-03 1.94467e-04 
2.73698e-06 1.01340e-06 3.55498e-06 5.28048e-05 4.81390e-06 1.70741e-05 1.03127e-04 3.14600e-03 4.09753e-06 1.95959e-05 3.19528e-07 3.52166e-05 5.66244e-05 5.07354e-05 8.76219e-06 3.91692e-05 
1.20667e-05 1.65648e-05 1.95070e-05 1.89088e-05 1.18667e-05 3.07537e-07 5.75875e-05 4.09753e-06 3.24198e-03 1.46506e-04 3.18007e-05 5.13948e-05 6.74977e-05 5.61193e-06 1.17946e-05 4.50173e-07 
1.16574e-04 2.33864e-04 3.37626e-05 1.11303e-02 5.70981e-05 1.39708e-04 7.47891e-03 1.95959e-05 1.46506e-04 2.36516e-01 1.37509e-04 6.37362e-03 3.71664e-03 1.16882e-04 1.56766e-03 1.97522e-04 
4.17233e-06 1.88547e-06 1.83787e-04 1.86230e-05 1.48075e-06 2.07848e-07 1.42550e-04 3.19528e-07 3.18007e-05 1.37509e-04 1.82534e-03 7.94007e-05 2.71475e-05 1.87707e-06 7.06087e-05 1.19437e-06 
3.51818e-05 6.34486e-05 1.88715e-05 3.99886e-03 1.07522e-05 8.57999e-06 1.40111e-03 3.52166e-05 5.13948e-05 6.37362e-03 7.94007e-05 6.06154e-02 6.90550e-04 1.30330e-04 5.22350e-04 1.41276e-04 
1.26998e-04 3.58807e-05 2.61009e-05 3.18709e-03 1.83930e-04 1.70402e-05 1.25896e-02 5.66244e-05 6.74977e-05 3.71664e-03 2.71475e-05 6.90550e-04 1.37036e-01 1.42968e-04 4.03466e-03 2.06359e-04 
1.43205e-06 5.81806e-06 2.00896e-06 3.41086e-05 2.13522e-06 9.81701e-06 4.15207e-05 5.07354e-05 5.61193e-06 1.16882e-04 1.87707e-06 1.30330e-04 1.42968e-04 6.01069e-04 2.18934e-05 1.63286e-04 
3.22327e-05 1.39347e-05 5.98597e-05 8.25500e-04 4.78546e-05 6.26737e-06 7.26003e-03 8.76219e-06 1.17946e-05 1.56766e-03 7.06087e-05 5.22350e-04 4.03466e-03 2.18934e-05 5.73419e-02 1.05818e-04 
4.76270e-06 1.25523e-05 3.48283e-06 3.28541e-04 1.61975e-05 2.04762e-05 1.94467e-04 3.91692e-05 4.50173e-07 1.97522e-04 1.19437e-06 1.41276e-04 2.06359e-04 1.63286e-04 1.05818e-04 3.35240e-03 

