RIBOSUM

	A	C	G	U
A	1.54
C	-0.93	1.05
G	-0.64	-1.44	0.91
U	-0.70	-0.53	-0.98	1.04


	AA	AC	AG	AU	CA	CC	CG	CU	GA	GC	GG	GU	UA	UC	UG	UU
AA	-4.03
AC	-10.84	-2.50
AG	-9.67	-11.04	-2.72
AU	-5.91	-2.51	-5.21	3.86
CA	-9.70	-10.30	-11.64	-5.49	-3.60
CC	-12.86	-10.60	-12.90	-4.39	-11.40	-3.22
CG	-5.17	-6.40	-2.40	2.03	-3.04	-5.26	5.65
CU	-11.17	-10.10	-4.36	-4.96	-9.55	-4.09	-4.17	-1.70
GA	-5.67	-8.84	-8.42	-4.95	-4.29	-12.62	-4.65	-8.48	-2.54
GC	-3.79	-3.56	-4.39	3.37	-3.71	-4.20	2.49	-3.07	-2.76	5.96
GG	-10.51	-10.15	-4.71	-5.18	-11.57	-13.90	-5.36	-11.07	-6.52	-4.30	-3.29
GU	-8.06	-3.55	-5.85	0.96	-6.78	-6.67	-0.08	-3.90	-6.41	1.74	-5.81	3.01
UA	-3.75	-6.17	-3.60	1.72	-2.57	-5.20	3.50	-3.57	-4.16	2.18	-6.43	-0.06	4.29
UC	-13.23	-10.01	-10.07	-6.49	-10.05	-9.45	-6.09	-6.04	-8.51	-4.87	-13.03	-5.86	-3.12	-5.50
UG	-5.57	-5.40	-5.08	-0.50	-6.26	-8.83	1.53	-6.98	-6.75	-0.06	-5.17	-1.77	1.23	-3.86	2.93
UU	-11.33	-8.73	-11.15	-4.79	-7.58	-8.27	-2.11	-4.36	-11.31	-3.42	-11.95	-2.79	-1.99	-6.71	-3.87	-1.05


BASE FREQUENCIES
2.84764e-01 1.95482e-01 2.67825e-01 2.51928e-01 

BASE PAIR FREQUENCIES
2.31881e-03 1.87194e-03 3.33298e-03 1.62674e-01 
1.90166e-03 8.58490e-04 2.24023e-01 2.49149e-03 
3.63519e-03 2.50022e-01 2.34141e-03 7.18410e-02 
1.93983e-01 1.20991e-03 7.22047e-02 5.29087e-03 


BASE MATCH FREQUENCIES
2.36060e-01 2.91787e-02 4.89889e-02 4.42867e-02 2.91787e-02 7.88487e-02 1.92437e-02 3.42194e-02 4.89889e-02 1.92437e-02 1.34409e-01 3.43169e-02 4.42867e-02 3.42194e-02 3.43169e-02 1.30213e-01 

BASE PAIR MATCH FREQUENCIES
4.01491e-04 2.46069e-06 7.60249e-06 9.64573e-05 5.43477e-06 4.15523e-07 1.18246e-04 1.72788e-06 1.21884e-04 3.06156e-04 3.99692e-06 2.05525e-05 4.31588e-04 4.16178e-07 1.15395e-04 1.99518e-06 
2.46069e-06 5.48556e-04 2.01557e-06 7.02667e-04 2.45044e-06 1.37510e-06 3.45254e-05 2.50299e-06 9.28205e-06 2.47641e-04 3.50973e-06 3.20011e-04 5.53724e-05 2.65992e-06 8.91732e-05 8.30192e-06 
7.60249e-06 2.01557e-06 8.80531e-04 1.48003e-04 1.33281e-06 3.82083e-07 7.56445e-04 1.83434e-04 1.70239e-05 1.90872e-04 2.08569e-04 8.93154e-05 4.49904e-04 3.49948e-06 1.52157e-04 2.13671e-06 
9.64573e-05 7.02667e-04 1.48003e-04 7.46825e-02 8.88386e-05 1.30577e-04 1.53765e-02 1.13807e-04 1.76823e-04 3.88285e-02 1.42021e-04 9.39669e-03 1.69274e-02 3.92741e-05 3.41735e-03 1.64457e-04 
5.43477e-06 2.45044e-06 1.33281e-06 8.88386e-05 2.56335e-04 7.87744e-07 3.55041e-04 3.64664e-06 2.17091e-04 2.23298e-04 1.31303e-06 3.41535e-05 6.74573e-04 2.58241e-06 4.91555e-05 1.84471e-05 
4.15523e-07 1.37510e-06 3.82083e-07 1.30577e-04 7.87744e-07 1.57248e-04 5.22346e-05 1.10276e-04 4.61842e-07 1.08927e-04 1.79503e-07 2.53241e-05 7.45874e-05 2.68748e-06 5.65737e-06 7.86660e-06 
1.18246e-04 3.45254e-05 7.56445e-04 1.53765e-02 3.55041e-04 5.22346e-05 1.37204e-01 1.43162e-04 1.58559e-04 1.53622e-02 9.14569e-05 3.34659e-03 4.25747e-02 3.77630e-05 1.01945e-02 7.71569e-04 
1.72788e-06 2.50299e-06 1.83434e-04 1.13807e-04 3.64664e-06 1.10276e-04 1.43162e-04 7.46291e-04 1.05281e-05 3.07056e-04 1.63794e-06 2.22031e-04 2.97178e-04 3.69571e-05 2.62909e-05 1.51844e-04 
1.21884e-04 9.28205e-06 1.70239e-05 1.76823e-04 2.17091e-04 4.61842e-07 1.58559e-04 1.05281e-05 9.97533e-04 5.91304e-04 5.95077e-05 6.06788e-05 3.05283e-04 1.03343e-05 4.78362e-05 1.90687e-06 
3.06156e-04 2.47641e-04 1.90872e-04 3.88285e-02 2.23298e-04 1.08927e-04 1.53622e-02 3.07056e-04 5.91304e-04 1.70073e-01 1.90270e-04 1.17850e-02 1.70551e-02 8.84080e-05 3.39171e-03 3.09407e-04 
3.99692e-06 3.50973e-06 2.08569e-04 1.42021e-04 1.31303e-06 1.79503e-07 9.14569e-05 1.63794e-06 5.95077e-05 1.90270e-04 5.26172e-04 8.60508e-05 5.97991e-05 4.23511e-07 1.34279e-04 1.15211e-06 
2.05525e-05 3.20011e-04 8.93154e-05 9.39669e-03 3.41535e-05 2.53241e-05 3.34659e-03 2.22031e-04 6.06788e-05 1.17850e-02 8.60508e-05 3.67514e-02 4.65916e-03 5.73725e-05 1.33717e-03 6.20238e-04 
4.31588e-04 5.53724e-05 4.49904e-04 1.69274e-02 6.74573e-04 7.45874e-05 4.25747e-02 2.97178e-04 3.05283e-04 1.70551e-02 5.97991e-05 4.65916e-03 1.00685e-01 4.05731e-04 1.13410e-02 1.14482e-03 
4.16178e-07 2.65992e-06 3.49948e-06 3.92741e-05 2.58241e-06 2.68748e-06 3.77630e-05 3.69571e-05 1.03343e-05 8.84080e-05 4.23511e-07 5.73725e-05 4.05731e-04 5.36771e-05 2.28447e-04 2.98777e-05 
1.15395e-04 8.91732e-05 1.52157e-04 3.41735e-03 4.91555e-05 5.65737e-06 1.01945e-02 2.62909e-05 4.78362e-05 3.39171e-03 1.34279e-04 1.33717e-03 1.13410e-02 2.28447e-04 3.46598e-02 2.92581e-04 
1.99518e-06 8.30192e-06 2.13671e-06 1.64457e-04 1.84471e-05 7.86660e-06 7.71569e-04 1.51844e-04 1.90687e-06 3.09407e-04 1.15211e-06 6.20238e-04 1.14482e-03 2.98777e-05 2.92581e-04 1.93980e-03 

