RIBOSUM

	A	C	G	U
A	2.20
C	-5.39	1.95
G	-5.03	-5.80	1.62
U	-4.43	-3.21	-5.29	1.86


	AA	AC	AG	AU	CA	CC	CG	CU	GA	GC	GG	GU	UA	UC	UG	UU
AA	-0.43
AC	-9.78	-0.80
AG	-9.41	-9.73	-0.73
AU	-5.99	-6.30	-9.68	5.05
CA	-9.90	-12.27	-11.06	-11.78	-0.68
CC	-18.32	-9.52	-13.65	-10.84	-10.67	-0.26
CG	-9.30	-9.32	-5.04	-3.90	-4.65	-5.99	6.34
CU	-15.66	-15.32	-13.20	-8.38	-12.64	-10.20	-6.25	0.32
GA	-7.97	-14.63	-11.17	-10.78	-11.85	-17.43	-11.69	-inf	-0.96
GC	-9.81	-3.65	-10.12	-1.59	-11.04	-5.41	-3.31	-10.05	-6.75	6.48
GG	-13.52	-11.49	-8.76	-10.54	-12.34	-14.98	-6.58	-15.24	-10.57	-3.84	-2.11
GU	-11.24	-7.72	-11.96	-2.40	-12.64	-9.76	-5.48	-7.19	-8.24	-0.71	-6.24	3.93
UA	-6.20	-11.73	-11.51	-4.60	-4.76	-9.86	-1.46	-10.75	-8.42	-4.54	-9.80	-6.59	5.10
UC	-12.77	-9.53	-14.27	-11.68	-12.80	-8.52	-8.73	-10.63	-17.16	-5.02	-11.86	-8.58	-7.01	-0.55
UG	-11.43	-12.07	-7.10	-6.43	-8.25	-11.42	-1.15	-11.12	-10.27	-5.41	-6.13	-7.22	-2.85	-8.26	3.85
UU	-18.52	-12.01	-15.07	-6.86	-11.54	-10.23	-7.89	-7.73	-16.59	-7.75	-14.12	-6.69	-5.48	-6.50	-7.61	-0.05


BASE FREQUENCIES
2.80314e-01 1.99317e-01 2.58124e-01 2.62246e-01 

BASE PAIR FREQUENCIES
4.95194e-03 2.12683e-03 3.35576e-03 1.82212e-01 
2.27440e-03 1.42332e-03 2.17691e-01 3.47556e-03 
2.76918e-03 2.39896e-01 1.46120e-03 7.32677e-02 
1.89139e-01 2.09300e-03 6.89077e-02 4.95527e-03 


BASE MATCH FREQUENCIES
3.60972e-01 1.33589e-03 2.21546e-03 3.40389e-03 1.33589e-03 1.53885e-01 9.23045e-04 5.64826e-03 2.21546e-03 9.23045e-04 2.05086e-01 1.72430e-03 3.40389e-03 5.64826e-03 1.72430e-03 2.49556e-01 

BASE PAIR MATCH FREQUENCIES
4.58816e-03 4.98756e-06 8.36920e-06 9.06067e-05 4.58214e-06 9.54204e-09 6.43541e-06 7.92032e-08 2.27424e-05 4.51833e-06 4.44689e-07 2.19630e-06 7.84626e-05 5.89702e-07 1.93143e-06 1.43346e-08 
4.98756e-06 1.79215e-03 4.74823e-06 5.22087e-05 6.33626e-07 3.01550e-06 4.49011e-06 7.15653e-08 1.59369e-07 2.28482e-04 1.29494e-06 1.78892e-05 1.20804e-06 3.94473e-06 8.78276e-07 9.28509e-07 
8.36920e-06 4.74823e-06 3.16321e-03 6.48668e-06 1.89696e-06 2.24259e-07 1.13080e-04 4.00830e-07 2.27312e-06 3.33516e-06 1.11445e-05 1.23155e-06 1.82955e-06 1.90841e-07 3.57352e-05 1.45056e-07 
9.06067e-05 5.22087e-05 6.48668e-06 1.78670e-01 1.16817e-06 1.59087e-06 2.54122e-04 1.15542e-05 3.01668e-06 1.25755e-03 3.28283e-06 9.43333e-04 2.22338e-04 1.17211e-06 5.78674e-05 4.33943e-05 
4.58214e-06 6.33626e-07 1.89696e-06 1.16817e-06 1.95347e-03 1.36556e-06 1.14221e-04 4.57098e-07 1.09721e-06 1.36116e-06 7.16616e-07 5.91692e-07 1.51833e-04 4.08404e-07 1.24159e-05 1.29297e-06 
9.54204e-09 3.01550e-06 2.24259e-07 1.59087e-06 1.36556e-06 1.31646e-03 3.21923e-05 1.76515e-06 1.62387e-08 4.80277e-05 8.20917e-08 3.11208e-06 3.13591e-06 5.66895e-06 9.79215e-07 2.27965e-06 
6.43541e-06 4.49011e-06 1.13080e-04 2.54122e-04 1.14221e-04 3.21923e-05 2.14217e-01 3.53388e-05 1.12419e-06 2.66731e-04 3.57270e-05 7.79653e-05 1.37582e-03 6.35378e-06 1.56477e-03 1.49505e-05 
7.92032e-08 7.15653e-08 4.00830e-07 1.15542e-05 4.57098e-07 1.76515e-06 3.53388e-05 3.40234e-03 0.00000e+00 2.53780e-06 8.97081e-08 2.41722e-05 2.23261e-06 1.72213e-06 1.58901e-06 1.69459e-05 
2.27424e-05 1.59369e-07 2.27312e-06 3.01668e-06 1.09721e-06 1.62387e-08 1.12419e-06 0.00000e+00 2.68638e-03 3.45637e-05 3.16835e-06 1.61729e-05 1.55350e-05 2.57807e-08 3.96288e-06 5.05771e-08 
4.51833e-06 2.28482e-04 3.33516e-06 1.25755e-03 1.36116e-06 4.80277e-05 2.66731e-04 2.53780e-06 3.45637e-05 2.36587e-01 2.39662e-04 2.13185e-03 1.62286e-04 8.30682e-05 8.16945e-05 1.64075e-05 
4.44689e-07 1.29494e-06 1.11445e-05 3.28283e-06 7.16616e-07 8.20917e-08 3.57270e-05 8.97081e-08 3.16835e-06 2.39662e-04 1.02671e-03 5.95112e-05 5.47546e-06 9.38949e-07 6.45119e-05 2.57700e-07 
2.19630e-06 1.78892e-05 1.23155e-06 9.43333e-04 5.91692e-07 3.11208e-06 7.79653e-05 2.41722e-05 1.61729e-05 2.13185e-03 5.95112e-05 6.98966e-02 5.16428e-05 9.27739e-06 3.06370e-05 4.49807e-05 
7.84626e-05 1.20804e-06 1.82955e-06 2.22338e-04 1.51833e-04 3.13591e-06 1.37582e-03 2.23261e-06 1.55350e-05 1.62286e-04 5.47546e-06 5.16428e-05 1.85770e-01 2.97183e-05 6.91296e-04 1.13398e-04 
5.89702e-07 3.94473e-06 1.90841e-07 1.17211e-06 4.08404e-07 5.66895e-06 6.35378e-06 1.72213e-06 2.57807e-08 8.30682e-05 9.38949e-07 9.27739e-06 2.97183e-05 1.87127e-03 1.15462e-05 3.96597e-05 
1.93143e-06 8.78276e-07 3.57352e-05 5.78674e-05 1.24159e-05 9.79215e-07 1.56477e-03 1.58901e-06 3.96288e-06 8.16945e-05 6.45119e-05 3.06370e-05 6.91296e-04 1.15462e-05 6.58929e-02 2.38045e-05 
1.43346e-08 9.28509e-07 1.45056e-07 4.33943e-05 1.29297e-06 2.27965e-06 1.49505e-05 1.69459e-05 5.05771e-08 1.64075e-05 2.57700e-07 4.49807e-05 1.13398e-04 3.96597e-05 2.38045e-05 4.56504e-03 

