RIBOSUM

	A	C	G	U
A	1.97
C	-1.18	0.96
G	-0.91	-1.49	0.88
U	-1.01	-0.66	-1.17	1.32


	AA	AC	AG	AU	CA	CC	CG	CU	GA	GC	GG	GU	UA	UC	UG	UU
AA	-2.79
AC	-9.62	-1.96
AG	-8.83	-10.25	-2.39
AU	-4.98	-1.71	-6.14	4.19
CA	-10.16	-11.03	-10.27	-5.74	-3.26
CC	-13.39	-8.99	-13.30	-2.40	-10.82	-3.37
CG	-3.70	-5.32	-4.51	2.06	-3.23	-4.71	5.26
CU	-11.87	-9.53	-8.63	-4.21	-8.29	-6.66	-4.04	-1.52
GA	-8.87	-9.62	-8.19	-4.67	-8.54	-12.46	-4.32	-7.41	-1.56
GC	-5.35	-3.69	-5.63	2.89	-5.46	-3.64	2.80	-2.12	-2.37	5.54
GG	-9.66	-9.58	-4.42	-5.79	-11.56	-12.64	-4.65	-9.80	-6.97	-4.14	-2.14
GU	-6.62	-4.63	-6.90	0.61	-6.88	-7.44	0.32	-4.26	-6.15	1.40	-5.74	3.24
UA	-2.37	-5.60	-2.81	1.85	-3.19	-6.41	2.99	-4.29	-4.63	1.83	-6.38	0.03	4.67
UC	-11.44	-8.59	-8.32	-4.55	-8.59	-8.48	-4.86	-4.58	-6.99	-3.73	-11.32	-4.63	-3.51	-4.10
UG	-3.51	-7.01	-6.12	-0.74	-6.31	-8.04	1.18	-6.63	-7.23	0.16	-4.32	-1.34	0.87	-4.59	3.13
UU	-10.19	-7.71	-10.59	-3.41	-8.62	-7.09	-3.18	-5.07	-11.32	-3.24	-10.07	-2.92	-1.66	-6.17	-4.26	-0.96


BASE FREQUENCIES
2.55112e-01 2.21170e-01 2.95270e-01 2.28448e-01 

BASE PAIR FREQUENCIES
2.40710e-03 2.26675e-03 2.59008e-03 1.34188e-01 
1.98360e-03 1.14646e-03 2.56507e-01 2.80944e-03 
4.18377e-03 2.79583e-01 3.13999e-03 7.32072e-02 
1.57596e-01 1.38116e-03 7.29513e-02 4.05939e-03 


BASE MATCH FREQUENCIES
2.55151e-01 2.48345e-02 4.00078e-02 2.89167e-02 2.48345e-02 9.54587e-02 2.32652e-02 3.20553e-02 4.00078e-02 2.32652e-02 1.60966e-01 3.00197e-02 2.89167e-02 3.20553e-02 3.00197e-02 1.30226e-01 

BASE PAIR MATCH FREQUENCIES
6.12181e-04 4.65712e-06 1.07481e-05 1.20178e-04 3.21992e-06 2.96552e-07 3.26729e-04 8.77541e-07 1.05018e-05 1.04170e-04 7.02304e-06 4.46384e-05 7.31252e-04 1.18429e-06 3.84632e-04 2.90154e-06 
4.65712e-06 8.17830e-04 3.49373e-06 1.00528e-03 1.52147e-06 5.44529e-06 9.22521e-05 3.85371e-06 5.41051e-06 2.84911e-04 6.43389e-06 1.54074e-04 6.80195e-05 7.42124e-06 2.96054e-05 1.40615e-05 
1.07481e-05 3.49373e-06 1.07965e-03 6.21045e-05 3.43497e-06 3.66360e-07 2.15339e-04 9.58547e-06 1.94335e-05 9.92001e-05 3.05768e-04 4.25030e-05 6.27712e-04 1.19116e-05 7.29223e-05 2.55080e-06 
1.20178e-04 1.00528e-03 6.21045e-05 6.20596e-02 6.16230e-05 5.38977e-04 1.58355e-02 1.59617e-04 1.71895e-04 2.81531e-02 9.15593e-05 6.01457e-03 1.22630e-02 1.25376e-04 2.35292e-03 2.85161e-04 
3.21992e-06 1.52147e-06 3.43497e-06 6.16230e-05 3.33370e-04 1.52170e-06 3.93639e-04 9.11513e-06 1.14284e-05 8.35387e-05 1.62652e-06 3.22262e-05 3.60128e-04 7.38614e-06 4.79967e-05 7.49373e-06 
2.96552e-07 5.44529e-06 3.66360e-07 5.38977e-04 1.52170e-06 2.32172e-04 1.21821e-04 2.45164e-05 6.53046e-07 2.56304e-04 6.69730e-07 1.89949e-05 3.34303e-05 6.94365e-06 1.25425e-05 1.87370e-05 
3.26729e-04 9.22521e-05 2.15339e-04 1.58355e-02 3.93639e-04 1.21821e-04 1.63514e-01 2.00867e-04 2.46713e-04 2.97870e-02 2.27202e-04 5.51318e-03 3.03184e-02 1.13703e-04 9.99666e-03 3.77071e-04 
8.77541e-07 3.85371e-06 9.58547e-06 1.59617e-04 9.11513e-06 2.45164e-05 2.00867e-04 8.88123e-04 2.23242e-05 7.60727e-04 4.92679e-06 1.78014e-04 1.50416e-04 1.06786e-04 3.43808e-05 7.87642e-05 
1.05018e-05 5.41051e-06 1.94335e-05 1.71895e-04 1.14284e-05 6.53046e-07 2.46713e-04 2.23242e-05 1.92525e-03 9.51900e-04 5.24259e-05 7.16078e-05 1.77465e-04 3.00071e-05 3.38647e-05 1.54290e-06 
1.04170e-04 2.84911e-04 9.92001e-05 2.81531e-02 8.35387e-05 2.56304e-04 2.97870e-02 7.60727e-04 9.51900e-04 1.98720e-01 3.22950e-04 1.16496e-02 1.35461e-02 2.49289e-04 4.92810e-03 3.60224e-04 
7.02304e-06 6.43389e-06 3.05768e-04 9.15593e-05 1.62652e-06 6.69730e-07 2.27202e-04 4.92679e-06 5.24259e-05 3.22950e-04 1.72583e-03 1.10099e-04 6.10013e-05 1.72137e-06 2.93579e-04 4.24047e-06 
4.46384e-05 1.54074e-04 4.25030e-05 6.01457e-03 3.22262e-05 1.89949e-05 5.51318e-03 1.78014e-04 7.16078e-05 1.16496e-02 1.10099e-04 4.30927e-02 4.02760e-03 1.37633e-04 1.79550e-03 4.64480e-04 
7.31252e-04 6.80195e-05 6.27712e-04 1.22630e-02 3.60128e-04 3.34303e-05 3.03184e-02 1.50416e-04 1.77465e-04 1.35461e-02 6.10013e-05 4.02760e-03 8.64366e-02 2.58776e-04 7.18783e-03 9.62246e-04 
1.18429e-06 7.42124e-06 1.19116e-05 1.25376e-04 7.38614e-06 6.94365e-06 1.13703e-04 1.06786e-04 3.00071e-05 2.49289e-04 1.72137e-06 1.37633e-04 2.58776e-04 1.49357e-04 1.41600e-04 3.67404e-05 
3.84632e-04 2.96054e-05 7.29223e-05 2.35292e-03 4.79967e-05 1.25425e-05 9.99666e-03 3.43808e-05 3.38647e-05 4.92810e-03 2.93579e-04 1.79550e-03 7.18783e-03 1.41600e-04 3.98744e-02 1.84333e-04 
2.90154e-06 1.40615e-05 2.55080e-06 2.85161e-04 7.49373e-06 1.87370e-05 3.77071e-04 7.87642e-05 1.54290e-06 3.60224e-04 4.24047e-06 4.64480e-04 9.62246e-04 3.67404e-05 1.84333e-04 1.39654e-03 

