RIBOSUM

	A	C	G	U
A	2.03
C	-1.35	0.99
G	-1.03	-1.75	0.92
U	-1.04	-0.72	-1.29	1.42


	AA	AC	AG	AU	CA	CC	CG	CU	GA	GC	GG	GU	UA	UC	UG	UU
AA	-2.57
AC	-8.07	-1.64
AG	-8.40	-10.11	-2.26
AU	-4.57	-1.95	-5.73	4.25
CA	-9.30	-10.72	-10.84	-5.42	-2.90
CC	-12.02	-8.22	-13.62	-3.75	-10.55	-3.31
CG	-3.72	-5.14	-4.32	2.00	-3.04	-4.31	5.30
CU	-11.20	-9.14	-8.69	-4.27	-8.01	-5.58	-4.19	-1.11
GA	-7.51	-9.88	-8.06	-4.97	-7.41	-12.40	-4.26	-7.93	-1.43
GC	-4.88	-3.51	-5.31	2.87	-5.05	-3.32	2.62	-3.08	-2.94	5.58
GG	-8.85	-9.35	-4.85	-5.37	-11.15	-12.68	-4.62	-10.92	-6.41	-3.66	-2.06
GU	-5.45	-4.14	-6.44	0.67	-6.63	-7.10	0.12	-4.58	-6.01	1.46	-5.64	3.26
UA	-3.17	-5.36	-3.76	1.76	-2.88	-5.93	2.95	-4.53	-4.75	1.88	-5.94	-0.27	4.69
UC	-10.33	-8.33	-8.60	-4.59	-8.44	-7.54	-4.94	-4.37	-6.92	-3.93	-11.11	-4.80	-3.39	-3.90
UG	-4.61	-6.86	-5.84	-0.57	-5.64	-7.78	1.29	-6.65	-6.83	0.18	-4.82	-1.67	0.95	-4.99	3.15
UU	-9.13	-7.06	-10.24	-3.00	-8.49	-5.93	-3.20	-4.74	-10.26	-3.04	-10.37	-3.54	-2.42	-6.18	-3.83	-0.75


BASE FREQUENCIES
2.57041e-01 2.20442e-01 2.96064e-01 2.26452e-01 

BASE PAIR FREQUENCIES
2.33983e-03 2.53110e-03 2.67822e-03 1.33478e-01 
2.00874e-03 1.08270e-03 2.56896e-01 2.62554e-03 
4.02330e-03 2.81226e-01 3.29122e-03 7.22127e-02 
1.57331e-01 1.32968e-03 7.29540e-02 3.99258e-03 


BASE MATCH FREQUENCIES
2.70136e-01 2.23012e-02 3.71681e-02 2.83441e-02 2.23012e-02 9.65220e-02 1.93457e-02 3.03686e-02 3.71681e-02 1.93457e-02 1.66227e-01 2.74519e-02 2.83441e-02 3.03686e-02 2.74519e-02 1.37155e-01 

BASE PAIR MATCH FREQUENCIES
7.36817e-04 1.39778e-05 1.48498e-05 1.61815e-04 5.91988e-06 7.75539e-07 3.28259e-04 1.40296e-06 2.76155e-05 1.46535e-04 1.25691e-05 1.01645e-04 4.28333e-04 2.57092e-06 1.81237e-04 6.03369e-06 
1.39778e-05 1.02789e-03 3.89924e-06 8.51259e-04 1.90872e-06 9.20945e-06 1.05126e-04 5.00606e-06 4.56183e-06 3.23978e-04 7.59714e-06 2.15672e-04 8.01097e-05 8.79425e-06 3.26224e-05 2.17334e-05 
1.48498e-05 3.89924e-06 1.20814e-03 8.32841e-05 2.35513e-06 2.93333e-07 2.48627e-04 9.19234e-06 2.17579e-05 1.25229e-04 2.31775e-04 5.87703e-05 3.28091e-04 9.77290e-06 8.92490e-05 3.21643e-06 
1.61815e-04 8.51259e-04 8.32841e-05 6.43112e-02 7.70717e-05 2.09630e-04 1.51472e-02 1.50831e-04 1.41633e-04 2.77952e-02 1.23199e-04 6.21621e-03 1.14427e-02 1.20286e-04 2.62936e-03 3.72562e-04 
5.91988e-06 1.90872e-06 2.35513e-06 7.70717e-05 4.29606e-04 1.83775e-06 4.49270e-04 1.10015e-05 2.53699e-05 1.11378e-04 2.17882e-06 3.82596e-05 4.49190e-04 8.13120e-06 7.61795e-05 8.05636e-06 
7.75539e-07 9.20945e-06 2.93333e-07 2.09630e-04 1.83775e-06 2.37302e-04 1.60156e-04 5.07988e-05 6.83203e-07 3.16493e-04 6.48607e-07 2.37403e-05 4.63386e-05 1.29988e-05 1.47886e-05 4.09723e-05 
3.28259e-04 1.05126e-04 2.48627e-04 1.51472e-02 4.49270e-04 1.60156e-04 1.68375e-01 1.78849e-04 2.58400e-04 2.60984e-02 2.32443e-04 4.77139e-03 2.94501e-02 1.05833e-04 1.07284e-02 3.63877e-04 
1.40296e-06 5.00606e-06 9.19234e-06 1.50831e-04 1.10015e-05 5.07988e-05 1.78849e-04 1.15663e-03 1.55350e-05 3.86451e-04 2.26141e-06 1.39697e-04 1.25407e-04 1.20746e-04 3.33891e-05 9.54746e-05 
2.76155e-05 4.56183e-06 2.17579e-05 1.41633e-04 2.53699e-05 6.83203e-07 2.58400e-04 1.55350e-05 2.15641e-03 6.46653e-04 7.82599e-05 7.92913e-05 1.64370e-04 3.14675e-05 4.49354e-05 3.18056e-06 
1.46535e-04 3.23978e-04 1.25229e-04 2.77952e-02 1.11378e-04 3.16493e-04 2.60984e-02 3.86451e-04 6.46653e-04 2.04404e-01 4.52166e-04 1.20306e-02 1.39715e-02 2.13631e-04 4.94152e-03 4.06314e-04 
1.25691e-05 7.59714e-06 2.31775e-04 1.23199e-04 2.17882e-06 6.48607e-07 2.32443e-04 2.26141e-06 7.82599e-05 4.52166e-04 1.83749e-03 1.18017e-04 8.29463e-05 1.97489e-06 2.08271e-04 3.38620e-06 
1.01645e-04 2.15672e-04 5.87703e-05 6.21621e-03 3.82596e-05 2.37403e-05 4.77139e-03 1.39697e-04 7.92913e-05 1.20306e-02 1.18017e-04 4.29861e-02 3.22667e-03 1.20332e-04 1.41266e-03 2.95408e-04 
4.28333e-04 8.01097e-05 3.28091e-04 1.14427e-02 4.49190e-04 4.63386e-05 2.94501e-02 1.25407e-04 1.64370e-04 1.39715e-02 8.29463e-05 3.22667e-03 8.76643e-02 2.76241e-04 7.52139e-03 5.58890e-04 
2.57092e-06 8.79425e-06 9.77290e-06 1.20286e-04 8.13120e-06 1.29988e-05 1.05833e-04 1.20746e-04 3.14675e-05 2.13631e-04 1.97489e-06 1.20332e-04 2.76241e-04 1.66478e-04 1.05455e-04 3.53053e-05 
1.81237e-04 3.26224e-05 8.92490e-05 2.62936e-03 7.61795e-05 1.47886e-05 1.07284e-02 3.33891e-05 4.49354e-05 4.94152e-03 2.08271e-04 1.41266e-03 7.52139e-03 1.05455e-04 3.97960e-02 2.41244e-04 
6.03369e-06 2.17334e-05 3.21643e-06 3.72562e-04 8.05636e-06 4.09723e-05 3.63877e-04 9.54746e-05 3.18056e-06 4.06314e-04 3.38620e-06 2.95408e-04 5.58890e-04 3.53053e-05 2.41244e-04 1.56719e-03 

