RIBOSUM

	A	C	G	U
A	2.29
C	-2.04	1.17
G	-1.63	-2.71	1.09
U	-1.59	-1.09	-1.96	1.74


	AA	AC	AG	AU	CA	CC	CG	CU	GA	GC	GG	GU	UA	UC	UG	UU
AA	-2.05
AC	-9.65	-2.12
AG	-8.33	-9.51	-1.77
AU	-5.10	-2.37	-6.02	4.57
CA	-9.67	-10.50	-10.24	-6.08	-2.53
CC	-12.61	-9.25	-13.11	-6.73	-10.10	-2.62
CG	-5.07	-5.91	-4.81	1.51	-3.36	-5.02	5.43
CU	-11.56	-10.70	-8.07	-5.46	-7.41	-6.51	-4.68	-0.84
GA	-8.13	-9.30	-7.32	-6.23	-7.94	-12.20	-3.94	-7.05	-0.97
GC	-5.36	-3.85	-5.26	2.56	-5.96	-4.16	1.88	-6.27	-4.23	5.66
GG	-9.25	-9.32	-5.44	-5.96	-10.82	-11.86	-4.59	-12.18	-6.40	-3.93	-1.97
GU	-6.67	-5.62	-7.18	0.44	-7.57	-7.65	-0.49	-6.20	-6.27	1.14	-6.06	3.52
UA	-4.31	-5.82	-6.44	1.46	-3.05	-6.79	2.64	-4.38	-5.36	1.39	-6.19	-0.81	5.03
UC	-10.89	-8.44	-7.95	-5.43	-7.67	-8.26	-5.58	-3.73	-6.37	-4.44	-11.75	-5.53	-2.91	-3.25
UG	-6.36	-7.36	-5.77	-0.82	-5.99	-8.67	1.18	-7.84	-7.32	-0.23	-4.65	-2.23	0.91	-6.32	3.31
UU	-9.38	-7.72	-10.56	-3.65	-8.35	-6.13	-3.80	-4.21	-11.14	-4.16	-10.85	-4.83	-3.61	-5.57	-4.86	-0.00


BASE FREQUENCIES
2.54882e-01 2.23070e-01 3.01632e-01 2.20416e-01 

BASE PAIR FREQUENCIES
1.91394e-03 1.90943e-03 2.78247e-03 1.27742e-01 
1.67486e-03 9.12622e-04 2.61394e-01 2.15657e-03 
4.39893e-03 2.85789e-01 3.48592e-03 7.31139e-02 
1.55344e-01 1.36973e-03 7.22604e-02 3.75281e-03 


BASE MATCH FREQUENCIES
3.17364e-01 1.38326e-02 2.48342e-02 1.86035e-02 1.38326e-02 1.11846e-01 1.03049e-02 2.30733e-02 2.48342e-02 1.03049e-02 1.93011e-01 1.70877e-02 1.86035e-02 2.30733e-02 1.70877e-02 1.62306e-01 

BASE PAIR MATCH FREQUENCIES
1.01900e-03 4.59815e-06 1.55223e-05 1.06590e-04 4.53674e-06 5.16385e-07 1.29708e-04 1.05541e-06 1.78815e-05 1.06307e-04 9.71007e-06 4.24468e-05 1.83944e-04 1.68630e-06 5.25187e-05 4.73031e-06 
4.59815e-06 7.44449e-04 6.01385e-06 6.16558e-04 2.23513e-06 4.63216e-06 6.35823e-05 1.68166e-06 6.91936e-06 2.64786e-04 8.09398e-06 7.68132e-05 5.66273e-05 8.05780e-06 2.29993e-05 1.31065e-05 
1.55223e-05 6.01385e-06 1.73399e-03 6.64954e-05 3.62182e-06 4.32845e-07 1.84949e-04 1.40766e-05 3.69628e-05 1.35350e-04 1.61108e-04 3.51721e-05 4.98522e-05 1.53155e-05 9.37093e-05 2.47945e-06 
1.06590e-04 6.16558e-04 6.64954e-05 7.50342e-02 4.71378e-05 2.62947e-05 1.07847e-02 6.26378e-05 5.74011e-05 2.22509e-02 8.20012e-05 5.05218e-03 8.66115e-03 6.40501e-05 2.11263e-03 2.18108e-04 
4.53674e-06 2.23513e-06 3.62182e-06 4.71378e-05 5.60958e-04 2.57575e-06 3.71321e-04 1.64007e-05 1.78186e-05 6.14445e-05 2.85522e-06 1.98952e-05 3.86629e-04 1.37471e-05 5.94130e-05 8.45974e-06 
5.16385e-07 4.63216e-06 4.32845e-07 2.62947e-05 2.57575e-06 4.01444e-04 1.02863e-04 2.68918e-05 8.12211e-07 1.87306e-04 1.21372e-06 1.64981e-05 2.52090e-05 7.99367e-06 8.12054e-06 3.44395e-05 
1.29708e-04 6.35823e-05 1.84949e-04 1.07847e-02 3.71321e-04 1.02863e-04 1.95300e-01 1.29225e-04 3.37001e-04 1.66769e-02 2.54498e-04 3.18379e-03 2.35349e-02 6.92374e-05 1.01092e-02 2.34360e-04 
1.05541e-06 1.68166e-06 1.40766e-05 6.26378e-05 1.64007e-05 2.68918e-05 1.29225e-04 1.35317e-03 2.84502e-05 4.28703e-05 9.65869e-07 4.45625e-05 1.32714e-04 1.81937e-04 1.42176e-05 1.29302e-04 
1.78815e-05 6.91936e-06 3.69628e-05 5.74011e-05 1.78186e-05 8.12211e-07 3.37001e-04 2.84502e-05 3.01354e-03 2.75633e-04 8.28288e-05 6.63101e-05 1.04950e-04 4.56999e-05 3.19139e-05 1.65301e-06 
1.06307e-04 2.64786e-04 1.35350e-04 2.22509e-02 6.14445e-05 1.87306e-04 1.66769e-02 4.28703e-05 2.75633e-04 2.28687e-01 4.00450e-04 9.82551e-03 9.91956e-03 1.52188e-04 3.82590e-03 1.83148e-04 
9.71007e-06 8.09398e-06 1.61108e-04 8.20012e-05 2.85522e-06 1.21372e-06 2.54498e-04 9.65869e-07 8.28288e-05 4.00450e-04 2.11416e-03 9.05604e-05 7.01613e-05 1.30150e-06 2.40243e-04 2.39222e-06 
4.24468e-05 7.68132e-05 3.51721e-05 5.05218e-03 1.98952e-05 1.64981e-05 3.18379e-03 4.45625e-05 6.63101e-05 9.82551e-03 9.05604e-05 5.07072e-02 2.13127e-03 7.09701e-05 9.44202e-04 1.13700e-04 
1.83944e-04 5.66273e-05 4.98522e-05 8.66115e-03 3.86629e-04 2.52090e-05 2.35349e-02 1.32714e-04 1.04950e-04 9.91956e-03 7.01613e-05 2.13127e-03 1.03043e-01 3.68443e-04 7.01150e-03 2.23563e-04 
1.68630e-06 8.05780e-06 1.53155e-05 6.40501e-05 1.37471e-05 7.99367e-06 6.92374e-05 1.81937e-04 4.56999e-05 1.52188e-04 1.30150e-06 7.09701e-05 3.68443e-04 2.53924e-04 4.09379e-05 5.01444e-05 
5.25187e-05 2.29993e-05 9.37093e-05 2.11263e-03 5.94130e-05 8.12054e-06 1.01092e-02 1.42176e-05 3.19139e-05 3.82590e-03 2.40243e-04 9.44202e-04 7.01150e-03 4.09379e-05 4.38464e-02 1.11260e-04 
4.73031e-06 1.31065e-05 2.47945e-06 2.18108e-04 8.45974e-06 3.44395e-05 2.34360e-04 1.29302e-04 1.65301e-06 1.83148e-04 2.39222e-06 1.13700e-04 2.23563e-04 5.01444e-05 1.11260e-04 2.35810e-03 

