RIBOSUM

	A	C	G	U
A	1.53
C	-0.77	0.87
G	-0.55	-1.13	0.80
U	-0.61	-0.41	-0.83	0.94


	AA	AC	AG	AU	CA	CC	CG	CU	GA	GC	GG	GU	UA	UC	UG	UU
AA	-3.54
AC	-6.89	-1.43
AG	-7.69	-11.15	-4.67
AU	-3.76	-1.72	-4.62	3.77
CA	-9.79	-11.07	-10.63	-5.10	-3.45
CC	-10.87	-6.21	-12.82	-3.09	-11.10	-4.02
CG	-3.27	-3.81	-2.47	2.36	-2.43	-3.73	5.33
CU	-11.77	-8.25	-7.20	-3.69	-9.10	-5.21	-3.42	-1.61
GA	-8.47	-9.97	-8.94	-4.00	-6.77	-10.33	-4.40	-7.07	-2.66
GC	-3.62	-3.10	-4.48	3.26	-4.28	-2.42	3.22	-2.32	-1.90	5.64
GG	-10.47	-10.36	-4.43	-4.37	-10.82	-11.94	-4.01	-8.21	-6.09	-3.27	-2.15
GU	-4.24	-3.26	-5.52	0.82	-6.23	-6.32	0.72	-3.95	-5.11	1.80	-5.27	2.89
UA	-2.98	-4.33	-3.07	1.93	-2.90	-4.74	3.28	-3.64	-3.94	2.39	-5.32	0.22	4.19
UC	-10.21	-8.66	-8.79	-4.67	-10.24	-7.90	-4.26	-5.82	-8.04	-3.29	-9.37	-5.04	-3.47	-5.76
UG	-3.65	-5.57	-5.67	-0.45	-5.10	-6.95	1.50	-5.21	-6.75	0.66	-5.02	-1.04	1.00	-4.17	2.90
UU	-10.16	-6.64	-10.77	-3.04	-8.86	-6.66	-2.02	-5.24	-10.89	-2.31	-9.95	-3.21	-1.72	-5.80	-3.19	-2.03


BASE FREQUENCIES
2.72504e-01 2.05747e-01 2.75705e-01 2.46045e-01 

BASE PAIR FREQUENCIES
3.24025e-03 3.15655e-03 2.59954e-03 1.56630e-01 
2.15899e-03 1.24014e-03 2.32204e-01 2.98878e-03 
3.79783e-03 2.57836e-01 2.96982e-03 7.22655e-02 
1.78348e-01 1.43003e-03 7.42353e-02 4.89984e-03 


BASE MATCH FREQUENCIES
2.14513e-01 3.28300e-02 5.11639e-02 4.38785e-02 3.28300e-02 7.73089e-02 2.59559e-02 3.81802e-02 5.11639e-02 2.59559e-02 1.31942e-01 3.81605e-02 4.38785e-02 3.81802e-02 3.81605e-02 1.15899e-01 

BASE PAIR MATCH FREQUENCIES
4.73389e-04 3.50582e-05 2.69980e-05 3.68598e-04 4.69352e-06 1.68431e-06 4.37165e-04 1.07442e-06 1.56885e-05 3.41953e-04 3.99048e-06 2.66313e-04 6.29797e-04 3.17134e-06 4.01400e-04 3.92417e-06 
3.50582e-05 1.16275e-03 1.85486e-06 1.13966e-03 1.46039e-06 3.20135e-05 2.27026e-04 9.32724e-06 4.21197e-06 3.70468e-04 3.25169e-06 3.95951e-04 1.86836e-04 7.01054e-06 8.00840e-05 3.40574e-05 
2.69980e-05 1.85486e-06 2.21988e-04 2.05296e-04 2.65610e-06 4.39286e-07 7.70162e-04 2.58231e-05 1.15168e-05 1.91423e-04 2.64334e-04 1.11358e-04 6.01010e-04 8.56937e-06 9.97655e-05 2.61133e-06 
3.68598e-04 1.13966e-03 2.05296e-04 6.12744e-02 1.09552e-04 3.32500e-04 1.95679e-02 2.62412e-04 3.14370e-04 3.64963e-02 2.47101e-04 8.01964e-03 1.71039e-02 1.33444e-04 3.32606e-03 4.92518e-04 
4.69352e-06 1.46039e-06 2.65610e-06 1.09552e-04 2.87404e-04 1.07995e-06 5.88274e-04 5.16984e-06 3.87010e-05 1.64011e-04 2.35326e-06 5.06973e-05 5.04886e-04 2.34405e-06 1.10547e-04 7.29433e-06 
1.68431e-06 3.20135e-05 4.39286e-07 3.32500e-04 1.07995e-06 1.10362e-04 1.81349e-04 5.80106e-05 2.47592e-06 4.47550e-04 8.21565e-07 3.59921e-05 1.06111e-04 8.94519e-06 2.32273e-05 2.52729e-05 
4.37165e-04 2.27026e-04 7.70162e-04 1.95679e-02 5.88274e-04 1.81349e-04 1.29536e-01 2.68396e-04 2.02027e-04 3.00526e-02 2.66835e-04 6.32610e-03 3.68660e-02 1.50084e-04 1.08865e-02 8.48735e-04 
1.07442e-06 9.32724e-06 2.58231e-05 2.62412e-04 5.16984e-06 5.80106e-05 2.68396e-04 8.37068e-04 2.83197e-05 5.75008e-04 1.30148e-05 2.22388e-04 2.71759e-04 4.52139e-05 9.30651e-05 8.13572e-05 
1.56885e-05 4.21197e-06 1.15168e-05 3.14370e-04 3.87010e-05 2.47592e-06 2.02027e-04 2.83197e-05 8.95411e-04 1.14334e-03 8.36740e-05 1.47439e-04 3.27335e-04 1.44403e-05 4.74993e-05 2.39306e-06 
3.41953e-04 3.70468e-04 1.91423e-04 3.64963e-02 1.64011e-04 4.47550e-04 3.00526e-02 5.75008e-04 1.14334e-03 1.60923e-01 4.46174e-04 1.34348e-02 1.98888e-02 2.92614e-04 6.07800e-03 6.91594e-04 
3.99048e-06 3.25169e-06 2.64334e-04 2.47101e-04 2.35326e-06 8.21565e-07 2.66835e-04 1.30148e-05 8.36740e-05 4.46174e-04 1.29788e-03 1.33942e-04 1.27540e-04 5.80221e-06 1.59332e-04 4.65079e-06 
2.66313e-04 3.95951e-04 1.11358e-04 8.01964e-03 5.06973e-05 3.59921e-05 6.32610e-03 2.22388e-04 1.47439e-04 1.34348e-02 1.33942e-04 3.40745e-02 5.28285e-03 1.04297e-04 2.23769e-03 4.44740e-04 
6.29797e-04 1.86836e-04 6.01010e-04 1.71039e-02 5.04886e-04 1.06111e-04 3.68660e-02 2.71759e-04 3.27335e-04 1.98888e-02 1.27540e-04 5.28285e-03 8.20794e-02 3.06263e-04 9.08389e-03 1.23608e-03 
3.17134e-06 7.01054e-06 8.56937e-06 1.33444e-04 2.34405e-06 8.94519e-06 1.50084e-04 4.52139e-05 1.44403e-05 2.92614e-04 5.80221e-06 1.04297e-04 3.06263e-04 4.74117e-05 1.90997e-04 5.51018e-05 
4.01400e-04 8.00840e-05 9.97655e-05 3.32606e-03 1.10547e-04 2.32273e-05 1.08865e-02 9.30651e-05 4.74993e-05 6.07800e-03 1.59332e-04 2.23769e-03 9.08389e-03 1.90997e-04 3.44467e-02 4.49766e-04 
3.92417e-06 3.40574e-05 2.61133e-06 4.92518e-04 7.29433e-06 2.52729e-05 8.48735e-04 8.13572e-05 2.39306e-06 6.91594e-04 4.65079e-06 4.44740e-04 1.23608e-03 5.51018e-05 4.49766e-04 8.94880e-04 

