RIBOSUM

	A	C	G	U
A	2.45
C	-3.81	1.57
G	-3.40	-4.38	1.34
U	-3.27	-2.30	-3.72	2.01


	AA	AC	AG	AU	CA	CC	CG	CU	GA	GC	GG	GU	UA	UC	UG	UU
AA	-0.78
AC	-7.69	-0.99
AG	-7.66	-9.89	-1.44
AU	-5.09	-4.72	-6.85	5.16
CA	-9.41	-10.96	-11.68	-7.99	-1.34
CC	-15.41	-8.53	-12.42	-7.94	-10.43	-1.42
CG	-6.88	-7.94	-5.60	-0.92	-4.10	-5.09	5.81
CU	-11.78	-12.71	-12.71	-5.66	-9.41	-8.37	-5.18	-0.00
GA	-8.24	-10.48	-7.92	-7.84	-8.56	-15.46	-8.25	-15.47	-0.56
GC	-6.18	-4.11	-8.03	0.81	-8.01	-5.12	-0.64	-7.60	-6.00	5.93
GG	-10.74	-11.24	-7.21	-8.29	-11.70	-14.06	-5.80	-12.95	-8.12	-5.57	-1.69
GU	-7.41	-6.57	-9.18	-0.77	-9.56	-8.95	-2.42	-6.01	-6.76	0.04	-6.33	3.83
UA	-5.75	-7.52	-8.46	-1.00	-3.92	-8.68	0.85	-7.71	-6.83	-1.29	-8.03	-3.15	5.37
UC	-11.36	-8.44	-9.48	-7.93	-11.55	-8.85	-7.28	-6.61	-13.48	-5.23	-13.97	-7.16	-5.62	-1.61
UG	-7.44	-8.65	-6.53	-3.12	-6.82	-9.96	0.28	-8.23	-9.33	-2.70	-6.55	-3.78	-0.63	-7.38	3.76
UU	-11.14	-9.26	-10.87	-4.63	-10.20	-9.28	-5.17	-7.70	-13.72	-5.48	-11.28	-5.30	-4.58	-4.91	-5.35	0.22


BASE FREQUENCIES
2.51405e-01 2.21883e-01 2.94948e-01 2.31765e-01 

BASE PAIR FREQUENCIES
2.78569e-03 2.05218e-03 2.44808e-03 1.35466e-01 
1.80411e-03 1.21352e-03 2.59059e-01 2.94408e-03 
4.00578e-03 2.76932e-01 2.79235e-03 7.50268e-02 
1.53680e-01 1.25303e-03 7.44016e-02 4.13611e-03 


BASE MATCH FREQUENCIES
3.45732e-01 3.99027e-03 7.01288e-03 6.03395e-03 3.99027e-03 1.46352e-01 3.13600e-03 1.04284e-02 7.01288e-03 3.13600e-03 2.20153e-01 5.20407e-03 6.03395e-03 1.04284e-02 5.20407e-03 2.16152e-01 

BASE PAIR MATCH FREQUENCIES
2.33411e-03 1.70828e-05 2.31993e-05 1.07916e-04 5.17743e-06 7.15634e-08 3.51543e-05 9.21863e-07 1.54507e-05 5.70464e-05 3.21603e-06 2.53226e-05 6.85110e-05 1.23495e-06 2.48620e-05 1.50726e-06 
1.70828e-05 1.57144e-03 4.36370e-06 1.23731e-04 1.56187e-06 7.45300e-06 1.48857e-05 4.27850e-07 2.89162e-06 2.10692e-04 2.00113e-06 4.02218e-05 1.77389e-05 8.25047e-06 9.52400e-06 4.88090e-06 
2.31993e-05 4.36370e-06 2.02855e-03 3.75704e-05 1.26443e-06 6.65890e-07 1.00086e-04 5.69431e-07 2.26787e-05 1.86158e-05 4.35250e-05 8.74498e-06 1.22708e-05 5.34703e-06 5.47204e-05 2.12870e-06 
1.07916e-04 1.23731e-04 3.75704e-05 1.21395e-01 1.28143e-05 1.17036e-05 2.01553e-03 5.91350e-05 1.89046e-05 6.68384e-03 1.62499e-05 2.33782e-03 1.69424e-03 1.22966e-05 4.59140e-04 1.26002e-04 
5.17743e-06 1.56187e-06 1.26443e-06 1.28143e-05 1.22603e-03 1.99224e-06 2.12873e-04 4.22082e-06 1.09569e-05 1.41654e-05 1.45744e-06 5.05318e-06 2.15441e-04 9.56112e-07 3.37405e-05 2.54139e-06 
7.15634e-08 7.45300e-06 6.65890e-07 1.17036e-05 1.99224e-06 9.04379e-04 9.43333e-05 7.64968e-06 8.09818e-08 9.23783e-05 2.50119e-07 6.80847e-06 6.99615e-06 5.49971e-06 3.37450e-06 4.26132e-06 
3.51543e-05 1.48857e-05 1.00086e-04 2.01553e-03 2.12873e-04 9.43333e-05 2.40416e-01 9.29787e-05 1.59797e-05 2.74327e-03 1.02225e-04 8.36850e-04 6.85220e-03 2.16237e-05 5.42929e-03 9.74821e-05 
9.21863e-07 4.27850e-07 5.69431e-07 5.91350e-05 4.22082e-06 7.64968e-06 9.29787e-05 2.64059e-03 8.40315e-08 1.72899e-05 5.65148e-07 5.46656e-05 1.42625e-05 2.69991e-05 1.16714e-05 1.32858e-05 
1.54507e-05 2.89162e-06 2.26787e-05 1.89046e-05 1.09569e-05 8.09818e-08 1.59797e-05 8.40315e-08 3.72290e-03 7.58774e-05 2.31688e-05 4.67734e-05 3.79692e-05 3.34849e-07 7.85141e-06 2.94464e-07 
5.70464e-05 2.10692e-04 1.86158e-05 6.68384e-03 1.41654e-05 9.23783e-05 2.74327e-03 1.72899e-05 7.58774e-05 2.61510e-01 1.19671e-04 4.59021e-03 1.56223e-03 8.96382e-05 6.86751e-04 7.85227e-05 
3.21603e-06 2.00113e-06 4.35250e-05 1.62499e-05 1.45744e-06 2.50119e-07 1.02225e-04 5.65148e-07 2.31688e-05 1.19671e-04 2.34278e-03 7.36814e-05 1.93522e-05 2.77899e-07 6.35635e-05 1.88155e-06 
2.53226e-05 4.02218e-05 8.74498e-06 2.33782e-03 5.05318e-06 6.80847e-06 8.36850e-04 5.46656e-05 4.67734e-05 4.59021e-03 7.36814e-05 6.62554e-02 4.47999e-04 2.45621e-05 3.39457e-04 9.30126e-05 
6.85110e-05 1.77389e-05 1.22708e-05 1.69424e-03 2.15441e-04 6.99615e-06 6.85220e-03 1.42625e-05 3.79692e-05 1.56223e-03 1.93522e-05 4.47999e-04 1.40225e-01 6.09440e-05 2.57933e-03 1.31176e-04 
1.23495e-06 8.25047e-06 5.34703e-06 1.22966e-05 9.56112e-07 5.49971e-06 2.16237e-05 2.69991e-05 3.34849e-07 8.96382e-05 2.77899e-07 2.45621e-05 6.09440e-05 8.67030e-04 2.11075e-05 9.20189e-05 
2.48620e-05 9.52400e-06 5.47204e-05 4.59140e-04 3.37405e-05 3.37450e-06 5.42929e-03 1.16714e-05 7.85141e-06 6.86751e-04 6.35635e-05 3.39457e-04 2.57933e-03 2.11075e-05 6.31978e-02 8.98601e-05 
1.50726e-06 4.88090e-06 2.12870e-06 1.26002e-04 2.54139e-06 4.26132e-06 9.74821e-05 1.32858e-05 2.94464e-07 7.85227e-05 1.88155e-06 9.30126e-05 1.31176e-04 9.20189e-05 8.98601e-05 3.35412e-03 

