RIBOSUM

	A	C	G	U
A	1.86
C	-1.07	0.91
G	-0.80	-1.39	0.84
U	-0.86	-0.58	-1.05	1.22


	AA	AC	AG	AU	CA	CC	CG	CU	GA	GC	GG	GU	UA	UC	UG	UU
AA	-3.02
AC	-8.46	-1.62
AG	-8.64	-10.33	-2.63
AU	-4.63	-1.71	-5.75	4.03
CA	-9.62	-10.83	-9.98	-5.34	-3.29
CC	-12.16	-8.21	-13.56	-2.66	-10.48	-3.64
CG	-3.42	-4.74	-3.94	2.19	-2.94	-4.32	5.26
CU	-11.37	-9.04	-8.81	-3.93	-8.37	-5.94	-4.02	-1.52
GA	-7.91	-10.05	-8.39	-4.58	-7.51	-12.05	-4.41	-7.87	-1.81
GC	-4.83	-3.45	-5.39	3.00	-4.61	-3.17	2.96	-2.11	-2.35	5.56
GG	-9.11	-9.55	-4.51	-5.24	-11.34	-12.47	-4.54	-9.56	-6.69	-3.73	-2.12
GU	-5.59	-4.26	-6.54	0.70	-6.37	-6.93	0.47	-4.15	-5.94	1.55	-5.65	3.14
UA	-2.53	-5.16	-2.90	1.87	-2.98	-5.92	3.09	-4.32	-4.61	2.04	-6.02	0.04	4.50
UC	-10.58	-8.30	-8.64	-4.26	-8.72	-7.88	-4.58	-4.75	-7.21	-3.53	-10.98	-4.60	-3.62	-4.28
UG	-3.66	-6.63	-5.99	-0.55	-5.65	-7.52	1.33	-6.32	-6.89	0.34	-4.53	-1.32	0.93	-4.55	3.06
UU	-9.54	-7.45	-10.57	-2.90	-8.39	-6.35	-2.94	-5.22	-10.55	-2.77	-9.65	-3.10	-1.74	-6.56	-3.86	-1.26


BASE FREQUENCIES
2.59563e-01 2.17565e-01 2.91271e-01 2.31601e-01 

BASE PAIR FREQUENCIES
2.61206e-03 2.60720e-03 2.58144e-03 1.38431e-01 
2.18962e-03 1.18321e-03 2.52148e-01 2.85755e-03 
3.96064e-03 2.76036e-01 3.15983e-03 7.22735e-02 
1.60937e-01 1.37123e-03 7.34257e-02 4.22685e-03 


BASE MATCH FREQUENCIES
2.45203e-01 2.69723e-02 4.35586e-02 3.32091e-02 2.69723e-02 8.91349e-02 2.41803e-02 3.38159e-02 4.35586e-02 2.41803e-02 1.52176e-01 3.25872e-02 3.32091e-02 3.38159e-02 3.25872e-02 1.24840e-01 

BASE PAIR MATCH FREQUENCIES
5.58031e-04 1.08059e-05 1.27732e-05 1.63484e-04 4.83038e-06 6.99237e-07 3.98696e-04 1.28461e-06 2.11131e-05 1.50370e-04 1.03527e-05 9.44387e-05 6.99339e-04 2.21647e-06 3.58819e-04 4.84308e-06 
1.08059e-05 1.03407e-03 3.32440e-06 1.03698e-03 1.74673e-06 9.00698e-06 1.33956e-04 5.41233e-06 4.03271e-06 3.28467e-04 6.37173e-06 1.98222e-04 9.48311e-05 9.02658e-06 3.83592e-05 1.72827e-05 
1.27732e-05 3.32440e-06 9.22606e-04 8.42499e-05 4.23041e-06 2.96200e-07 3.11697e-04 8.45980e-06 1.70899e-05 1.14043e-04 2.81228e-04 5.47909e-05 6.06983e-04 9.56216e-06 8.02226e-05 2.66578e-06 
1.63484e-04 1.03698e-03 8.42499e-05 5.91639e-02 8.36455e-05 4.51447e-04 1.73335e-02 1.98653e-04 1.90139e-04 3.04644e-02 1.35121e-04 6.60938e-03 1.32141e-02 1.57965e-04 2.76173e-03 4.30976e-04 
4.83038e-06 1.74673e-06 4.23041e-06 8.36455e-05 3.26002e-04 1.87119e-06 4.65135e-04 8.62476e-06 2.34950e-05 1.46857e-04 1.85444e-06 4.60804e-05 4.30656e-04 6.76574e-06 7.58266e-05 9.02503e-06 
6.99237e-07 9.00698e-06 2.96200e-07 4.51447e-04 1.87119e-06 1.79909e-04 1.50327e-04 3.87583e-05 8.42529e-07 3.32320e-04 7.09437e-07 2.61284e-05 4.69702e-05 1.01541e-05 1.73741e-05 3.12069e-05 
3.98696e-04 1.33956e-04 3.11697e-04 1.73335e-02 4.65135e-04 1.50327e-04 1.53720e-01 1.97473e-04 2.26095e-04 3.13443e-02 2.31141e-04 5.90159e-03 3.23470e-02 1.33276e-04 1.07291e-02 4.42337e-04 
1.28461e-06 5.41233e-06 8.45980e-06 1.98653e-04 8.62476e-06 3.87583e-05 1.97473e-04 8.84398e-04 1.62568e-05 7.41264e-04 5.66714e-06 1.91959e-04 1.51186e-04 9.42200e-05 4.26533e-05 7.26188e-05 
2.11131e-05 4.03271e-06 1.70899e-05 1.90139e-04 2.34950e-05 8.42529e-07 2.26095e-04 1.62568e-05 1.63230e-03 9.40009e-04 6.21335e-05 8.28003e-05 1.85522e-04 2.58039e-05 4.29091e-05 2.70637e-06 
1.50370e-04 3.28467e-04 1.14043e-04 3.04644e-02 1.46857e-04 3.32320e-04 3.13443e-02 7.41264e-04 9.40009e-04 1.89586e-01 4.03893e-04 1.25388e-02 1.56464e-02 2.75850e-04 5.41709e-03 4.97708e-04 
1.03527e-05 6.37173e-06 2.81228e-04 1.35121e-04 1.85444e-06 7.09437e-07 2.31141e-04 5.66714e-06 6.21335e-05 4.03893e-04 1.65493e-03 1.13964e-04 7.85186e-05 2.11578e-06 2.48094e-04 5.68091e-06 
9.44387e-05 1.98222e-04 5.47909e-05 6.60938e-03 4.60804e-05 2.61284e-05 5.90159e-03 1.91959e-04 8.28003e-05 1.25388e-02 1.13964e-04 3.99998e-02 4.16313e-03 1.40552e-04 1.82031e-03 4.22083e-04 
6.99339e-04 9.48311e-05 6.06983e-04 1.32141e-02 4.30656e-04 4.69702e-05 3.23470e-02 1.51186e-04 1.85522e-04 1.56464e-02 7.85186e-05 4.16313e-03 8.18862e-02 2.46504e-04 7.70147e-03 9.62022e-04 
2.21647e-06 9.02658e-06 9.56216e-06 1.57965e-04 6.76574e-06 1.01541e-05 1.33276e-04 9.42200e-05 2.58039e-05 2.75850e-04 2.11578e-06 1.40552e-04 2.46504e-04 1.30595e-04 1.44635e-04 2.85887e-05 
3.58819e-04 3.83592e-05 8.02226e-05 2.76173e-03 7.58266e-05 1.73741e-05 1.07291e-02 4.26533e-05 4.29091e-05 5.41709e-03 2.48094e-04 1.82031e-03 7.70147e-03 1.44635e-04 3.78929e-02 2.48869e-04 
4.84308e-06 1.72827e-05 2.66578e-06 4.30976e-04 9.02503e-06 3.12069e-05 4.42337e-04 7.26188e-05 2.70637e-06 4.97708e-04 5.68091e-06 4.22083e-04 9.62022e-04 2.85887e-05 2.48869e-04 1.19892e-03 

