RIBOSUM

	A	C	G	U
A	2.07
C	-1.53	1.06
G	-1.19	-2.11	1.00
U	-1.12	-0.76	-1.50	1.50


	AA	AC	AG	AU	CA	CC	CG	CU	GA	GC	GG	GU	UA	UC	UG	UU
AA	-1.93
AC	-7.14	-1.37
AG	-7.92	-10.14	-2.42
AU	-4.31	-2.13	-5.94	4.36
CA	-9.47	-10.68	-10.26	-5.00	-2.16
CC	-10.65	-6.95	-13.10	-5.05	-10.00	-2.83
CG	-4.18	-4.89	-4.57	1.86	-2.81	-4.11	5.41
CU	-11.14	-9.09	-9.92	-4.85	-7.27	-4.63	-4.28	-0.75
GA	-6.95	-10.46	-8.00	-5.04	-7.36	-12.58	-4.35	-7.80	-1.16
GC	-4.80	-3.36	-5.17	2.82	-5.07	-3.02	2.39	-5.11	-3.65	5.68
GG	-8.66	-10.25	-4.81	-5.22	-11.04	-12.64	-4.84	-11.93	-6.00	-3.65	-2.20
GU	-5.17	-4.31	-6.21	0.70	-7.01	-7.43	-0.08	-4.61	-5.46	1.45	-5.54	3.29
UA	-3.61	-5.34	-5.51	1.57	-2.76	-5.60	2.86	-4.53	-4.45	1.76	-5.75	-0.64	4.72
UC	-9.49	-7.38	-8.65	-4.86	-8.81	-7.34	-5.24	-4.37	-6.78	-3.76	-9.99	-4.88	-3.40	-4.11
UG	-5.81	-7.00	-5.47	-0.64	-5.17	-7.17	1.33	-6.46	-6.56	0.08	-5.05	-2.10	0.99	-5.92	3.17
UU	-7.76	-7.01	-9.47	-2.99	-8.29	-5.30	-2.93	-4.38	-8.98	-2.93	-10.35	-3.83	-3.40	-5.41	-3.87	-0.60


BASE FREQUENCIES
2.59478e-01 2.18420e-01 2.91545e-01 2.30557e-01 

BASE PAIR FREQUENCIES
2.61274e-03 2.81361e-03 2.51845e-03 1.38085e-01 
2.24714e-03 1.22904e-03 2.53276e-01 2.67276e-03 
4.11244e-03 2.76766e-01 3.07560e-03 7.16250e-02 
1.60135e-01 1.36471e-03 7.31428e-02 4.32416e-03 


BASE MATCH FREQUENCIES
2.82668e-01 1.96613e-02 3.31967e-02 2.74688e-02 1.96613e-02 9.95110e-02 1.48015e-02 2.98251e-02 3.31967e-02 1.48015e-02 1.70137e-01 2.37595e-02 2.74688e-02 2.98251e-02 2.37595e-02 1.50259e-01 

BASE PAIR MATCH FREQUENCIES
1.18559e-03 2.71282e-05 2.10163e-05 2.02520e-04 5.39291e-06 1.99764e-06 2.35778e-04 1.49891e-06 4.11131e-05 1.54002e-04 1.41427e-05 1.25950e-04 3.30526e-04 4.70359e-06 8.08302e-05 1.65339e-05 
2.71282e-05 1.24335e-03 3.79144e-06 7.74409e-04 1.95350e-06 2.18788e-05 1.21390e-04 5.22928e-06 3.04918e-06 3.50406e-04 3.96546e-06 1.92164e-04 8.35672e-05 1.71120e-05 2.97057e-05 2.33544e-05 
2.10163e-05 3.79144e-06 1.07010e-03 7.36345e-05 3.49015e-06 4.10218e-07 2.02537e-04 3.94380e-06 2.24262e-05 1.34108e-04 2.29822e-04 6.85164e-05 9.91964e-05 9.49650e-06 1.14664e-04 5.67810e-06 
2.02520e-04 7.74409e-04 7.36345e-05 7.34677e-02 1.06246e-04 8.63031e-05 1.37920e-02 1.04802e-04 1.37095e-04 2.69069e-02 1.36176e-04 6.51703e-03 1.06061e-02 1.03985e-04 2.57715e-03 3.99506e-04 
5.39291e-06 1.95350e-06 3.49015e-06 1.06246e-04 7.20362e-04 2.64592e-06 5.14824e-04 1.85212e-05 2.60995e-05 1.07118e-04 2.28075e-06 2.95898e-05 5.01217e-04 6.33941e-06 1.05520e-04 9.65456e-06 
1.99764e-06 2.18788e-05 4.10218e-07 8.63031e-05 2.64592e-06 3.19887e-04 1.75832e-04 9.70684e-05 5.87709e-07 3.75231e-04 6.35532e-07 1.86016e-05 5.89554e-05 1.48182e-05 2.23091e-05 6.41754e-05 
2.35778e-04 1.21390e-04 2.02537e-04 1.37920e-02 5.14824e-04 1.75832e-04 1.72915e-01 1.64927e-04 2.35477e-04 2.12421e-02 1.88863e-04 4.05673e-03 2.76295e-02 8.49367e-05 1.07940e-02 4.45308e-04 
1.49891e-06 5.22928e-06 3.94380e-06 1.04802e-04 1.85212e-05 9.70684e-05 1.64927e-04 1.50959e-03 1.70484e-05 9.29438e-05 1.09919e-06 1.38907e-04 1.30383e-04 1.22485e-04 3.84454e-05 1.28931e-04 
4.11131e-05 3.04918e-06 2.24262e-05 1.37095e-04 2.60995e-05 5.87709e-07 2.35477e-04 1.70484e-05 2.55437e-03 3.83681e-04 1.00525e-04 1.15208e-04 2.06544e-04 3.45976e-05 5.39460e-05 7.95457e-06 
1.54002e-04 3.50406e-04 1.34108e-04 2.69069e-02 1.07118e-04 3.75231e-04 2.12421e-02 9.29438e-05 3.83681e-04 2.07410e-01 4.29944e-04 1.16722e-02 1.29392e-02 2.36473e-04 4.51759e-03 4.43977e-04 
1.41427e-05 3.96546e-06 2.29822e-04 1.36176e-04 2.28075e-06 6.35532e-07 1.88863e-04 1.09919e-06 1.00525e-04 4.29944e-04 1.57314e-03 1.22974e-04 9.43813e-05 4.19830e-06 1.72843e-04 3.45565e-06 
1.25950e-04 1.92164e-04 6.85164e-05 6.51703e-03 2.95898e-05 1.86016e-05 4.05673e-03 1.38907e-04 1.15208e-04 1.16722e-02 1.22974e-04 4.40433e-02 2.58759e-03 1.14607e-04 1.05451e-03 2.51078e-04 
3.30526e-04 8.35672e-05 9.91964e-05 1.06061e-02 5.01217e-04 5.89554e-05 2.76295e-02 1.30383e-04 2.06544e-04 1.29392e-02 9.43813e-05 2.58759e-03 9.43519e-02 2.86254e-04 8.00635e-03 3.00621e-04 
4.70359e-06 1.71120e-05 9.49650e-06 1.03985e-04 6.33941e-06 1.48182e-05 8.49367e-05 1.22485e-04 3.45976e-05 2.36473e-04 4.19830e-06 1.14607e-04 2.86254e-04 1.47206e-04 5.58989e-05 6.31683e-05 
8.08302e-05 2.97057e-05 1.14664e-04 2.57715e-03 1.05520e-04 2.23091e-05 1.07940e-02 3.84454e-05 5.39460e-05 4.51759e-03 1.72843e-04 1.05451e-03 8.00635e-03 5.58989e-05 4.06083e-02 2.45018e-04 
1.65339e-05 2.33544e-05 5.67810e-06 3.99506e-04 9.65456e-06 6.41754e-05 4.45308e-04 1.28931e-04 7.95457e-06 4.43977e-04 3.45565e-06 2.51078e-04 3.00621e-04 6.31683e-05 2.45018e-04 1.86977e-03 

