RIBOSUM

	A	C	G	U
A	2.20
C	-1.79	1.11
G	-1.43	-2.43	1.05
U	-1.40	-0.90	-1.77	1.65


	AA	AC	AG	AU	CA	CC	CG	CU	GA	GC	GG	GU	UA	UC	UG	UU
AA	-1.89
AC	-9.58	-1.51
AG	-7.70	-9.90	-2.05
AU	-5.08	-2.03	-6.34	4.50
CA	-10.02	-10.94	-10.92	-5.41	-2.17
CC	-13.04	-10.51	-13.53	-5.71	-10.42	-2.71
CG	-4.76	-5.44	-4.99	1.66	-3.07	-4.68	5.43
CU	-12.07	-11.43	-9.55	-5.26	-6.81	-5.93	-4.76	-0.78
GA	-6.76	-10.45	-7.76	-5.45	-6.96	-12.69	-4.04	-6.96	-1.01
GC	-5.83	-3.64	-5.29	2.68	-5.27	-3.18	2.04	-5.69	-4.25	5.65
GG	-8.09	-10.33	-4.85	-5.59	-11.83	-12.81	-5.11	-11.52	-6.51	-3.85	-2.12
GU	-6.32	-5.23	-6.95	0.66	-6.87	-7.69	-0.28	-5.53	-5.92	1.24	-6.03	3.42
UA	-4.21	-5.71	-6.38	1.42	-2.90	-6.29	2.71	-4.51	-4.83	1.52	-5.79	-0.84	4.91
UC	-8.93	-9.12	-8.54	-4.95	-8.33	-8.05	-5.57	-3.81	-6.28	-4.38	-10.73	-5.45	-3.20	-3.52
UG	-6.64	-7.31	-5.41	-0.65	-5.28	-7.30	1.32	-7.71	-6.43	-0.04	-5.11	-2.26	0.98	-6.23	3.25
UU	-7.03	-8.35	-11.35	-3.00	-8.99	-5.70	-3.59	-4.56	-10.18	-3.40	-11.39	-4.26	-3.56	-5.56	-4.81	-0.12


BASE FREQUENCIES
2.56472e-01 2.22278e-01 2.97585e-01 2.23665e-01 

BASE PAIR FREQUENCIES
2.16884e-03 2.51659e-03 2.52932e-03 1.31782e-01 
2.11497e-03 1.12161e-03 2.60906e-01 2.26907e-03 
4.35475e-03 2.81526e-01 3.16659e-03 7.18188e-02 
1.55437e-01 1.34067e-03 7.28847e-02 4.06293e-03 


BASE MATCH FREQUENCIES
3.03089e-01 1.64317e-02 2.82354e-02 2.18059e-02 1.64317e-02 1.06726e-01 1.22982e-02 2.66427e-02 2.82354e-02 1.22982e-02 1.82819e-01 1.95567e-02 2.18059e-02 2.66427e-02 1.95567e-02 1.57424e-01 

BASE PAIR MATCH FREQUENCIES
1.16572e-03 4.89122e-06 2.41443e-05 1.11445e-04 3.62027e-06 3.85748e-07 1.60585e-04 7.62169e-07 4.62241e-05 7.66245e-05 2.13692e-05 5.47127e-05 2.03464e-04 6.71436e-06 4.38091e-05 2.51046e-05 
4.89122e-06 1.14388e-03 4.56040e-06 8.00170e-04 1.65423e-06 1.92644e-06 8.69823e-05 1.02921e-06 3.10300e-06 3.02092e-04 3.92197e-06 1.01054e-04 6.22796e-05 5.08939e-06 2.38367e-05 8.76810e-06 
2.41443e-05 4.56040e-06 1.40459e-03 5.39245e-05 2.23967e-06 3.19241e-07 1.59412e-04 5.07075e-06 2.67969e-05 1.29138e-04 2.33869e-04 4.11446e-05 5.25655e-05 1.01659e-05 1.19322e-04 1.46296e-06 
1.11445e-04 8.00170e-04 5.39245e-05 7.44227e-02 7.67781e-05 5.40408e-05 1.19819e-02 7.42953e-05 1.00014e-04 2.42772e-02 1.05172e-04 6.02185e-03 8.80542e-03 9.22993e-05 2.43992e-03 3.58034e-04 
3.62027e-06 1.65423e-06 2.23967e-06 7.67781e-05 7.19877e-04 2.05011e-06 4.49188e-04 2.51780e-05 3.48858e-05 9.75384e-05 1.39025e-06 3.24688e-05 4.37425e-04 8.78218e-06 9.74482e-05 5.59437e-06 
3.85748e-07 1.92644e-06 3.19241e-07 5.40408e-05 2.05011e-06 3.72000e-04 1.27105e-04 4.03719e-05 5.70440e-07 3.60151e-04 6.08066e-07 1.59425e-05 3.61272e-05 9.27385e-06 2.08052e-05 4.75842e-05 
1.60585e-04 8.69823e-05 1.59412e-04 1.19819e-02 4.49188e-04 1.27105e-04 1.88958e-01 1.20964e-04 3.07926e-04 1.80053e-02 1.69131e-04 3.62372e-03 2.47442e-02 6.90403e-05 1.09721e-02 2.75294e-04 
7.62169e-07 1.02921e-06 5.07075e-06 7.42953e-05 2.51780e-05 4.03719e-05 1.20964e-04 1.43896e-03 3.05481e-05 6.36815e-05 1.50211e-06 7.16389e-05 1.25069e-04 1.76024e-04 1.58497e-05 1.05152e-04 
4.62241e-05 3.10300e-06 2.67969e-05 1.00014e-04 3.48858e-05 5.70440e-07 3.07926e-04 3.05481e-05 2.88250e-03 2.65032e-04 7.42445e-05 8.41143e-05 1.53502e-04 4.88220e-05 5.89749e-05 3.30056e-06 
7.66245e-05 3.02092e-04 1.29138e-04 2.42772e-02 9.75384e-05 3.60151e-04 1.80053e-02 6.36815e-05 2.65032e-04 2.19894e-01 4.04845e-04 1.04019e-02 1.09072e-02 1.58295e-04 4.26859e-03 3.13274e-04 
2.13692e-05 3.92197e-06 2.33869e-04 1.05172e-04 1.39025e-06 6.08066e-07 1.69131e-04 1.50211e-06 7.42445e-05 4.04845e-04 1.80623e-03 9.02013e-05 9.15926e-05 2.59221e-06 1.70933e-04 1.65637e-06 
5.47127e-05 1.01054e-04 4.11446e-05 6.02185e-03 3.24688e-05 1.59425e-05 3.62372e-03 7.16389e-05 8.41143e-05 1.04019e-02 9.02013e-05 4.75606e-02 2.13434e-03 7.55335e-05 9.22046e-04 1.73364e-04 
2.03464e-04 6.22796e-05 5.25655e-05 8.80542e-03 4.37425e-04 3.61272e-05 2.47442e-02 1.25069e-04 1.53502e-04 1.09072e-02 9.15926e-05 2.13434e-03 9.89711e-02 3.09497e-04 7.52834e-03 2.42833e-04 
6.71436e-06 5.08939e-06 1.01659e-05 9.22993e-05 8.78218e-06 9.27385e-06 6.90403e-05 1.76024e-04 4.88220e-05 1.58295e-04 2.59221e-06 7.55335e-05 3.09497e-04 2.14731e-04 4.42046e-05 5.27998e-05 
4.38091e-05 2.38367e-05 1.19322e-04 2.43992e-03 9.74482e-05 2.08052e-05 1.09721e-02 1.58497e-05 5.89749e-05 4.26859e-03 1.70933e-04 9.22046e-04 7.52834e-03 4.42046e-05 4.22568e-02 1.18945e-04 
2.51046e-05 8.76810e-06 1.46296e-06 3.58034e-04 5.59437e-06 4.75842e-05 2.75294e-04 1.05152e-04 3.30056e-06 3.13274e-04 1.65637e-06 1.73364e-04 2.42833e-04 5.27998e-05 1.18945e-04 2.30519e-03 

