RIBOSUM

	A	C	G	U
A	1.64
C	-0.93	0.98
G	-0.70	-1.33	0.90
U	-0.74	-0.44	-1.01	1.05


	AA	AC	AG	AU	CA	CC	CG	CU	GA	GC	GG	GU	UA	UC	UG	UU
AA	-2.72
AC	-5.10	-1.25
AG	-9.79	-10.84	-3.62
AU	-4.28	-2.25	-5.08	4.04
CA	-10.03	-10.35	-11.04	-5.40	-2.58
CC	-9.27	-5.01	-12.57	-3.30	-11.13	-3.26
CG	-3.66	-3.85	-2.71	2.01	-1.92	-4.26	5.43
CU	-10.75	-7.48	-5.82	-3.82	-7.60	-3.83	-3.23	-0.76
GA	-6.80	-9.09	-8.90	-3.96	-5.63	-10.23	-4.62	-9.24	-1.90
GC	-3.59	-3.01	-4.28	3.16	-3.77	-2.29	2.61	-3.39	-2.11	5.73
GG	-10.87	-10.51	-4.58	-4.69	-11.05	-11.85	-4.32	-11.45	-6.95	-3.84	-2.92
GU	-5.72	-3.55	-5.77	0.87	-6.76	-5.56	0.32	-3.85	-5.45	1.74	-4.95	3.01
UA	-3.12	-4.62	-3.51	1.81	-2.64	-3.72	3.30	-3.70	-3.62	2.12	-5.43	-0.10	4.36
UC	-10.56	-8.50	-9.06	-4.65	-9.44	-6.38	-4.24	-5.29	-7.34	-2.96	-7.97	-4.72	-3.15	-5.59
UG	-4.34	-5.77	-5.64	-0.53	-5.76	-5.83	1.59	-5.41	-7.33	0.30	-4.95	-1.51	1.06	-4.22	3.02
UU	-9.00	-6.19	-10.18	-3.74	-8.08	-5.72	-1.89	-4.35	-11.11	-2.59	-10.54	-2.91	-2.47	-5.88	-3.79	-1.03


BASE FREQUENCIES
2.70321e-01 2.07605e-01 2.74655e-01 2.47419e-01 

BASE PAIR FREQUENCIES
2.91519e-03 3.08513e-03 2.67408e-03 1.55590e-01 
2.53862e-03 1.50186e-03 2.30596e-01 3.48641e-03 
4.05358e-03 2.55956e-01 2.63304e-03 7.29873e-02 
1.80134e-01 1.59560e-03 7.49399e-02 5.31233e-03 


BASE MATCH FREQUENCIES
2.27566e-01 2.95050e-02 4.58285e-02 4.01489e-02 2.95050e-02 8.49939e-02 2.26456e-02 3.79473e-02 4.58285e-02 2.26456e-02 1.40946e-01 3.37749e-02 4.01489e-02 3.79473e-02 3.37749e-02 1.26794e-01 

BASE PAIR MATCH FREQUENCIES
8.07949e-04 1.19590e-04 6.11884e-06 2.51117e-04 3.92295e-06 5.10921e-06 3.30620e-04 2.18108e-06 4.87162e-05 3.45841e-04 2.93802e-06 9.44392e-05 5.61259e-04 2.47899e-06 2.45350e-04 8.74928e-06 
1.19590e-04 1.32587e-03 2.27978e-06 7.86994e-04 2.41530e-06 7.49909e-05 2.22075e-04 1.61301e-05 7.65675e-06 3.98469e-04 2.91250e-06 3.24733e-04 1.52675e-04 7.95475e-06 6.99657e-05 4.71726e-05 
6.11884e-06 2.27978e-06 4.47654e-04 1.47222e-04 1.98304e-06 5.25540e-07 6.44872e-04 6.73554e-05 1.15176e-05 2.18175e-04 2.34688e-04 9.21541e-05 4.36389e-04 7.14531e-06 1.01081e-04 3.90898e-06 
2.51117e-04 7.86994e-04 1.47222e-04 7.36667e-02 8.88006e-05 2.93683e-04 1.53201e-02 2.43545e-04 3.18691e-04 3.41069e-02 1.95565e-04 8.32555e-03 1.56363e-02 1.36960e-04 3.14816e-03 3.06016e-04 
3.92295e-06 2.41530e-06 1.98304e-06 8.88006e-05 5.27652e-04 1.07593e-06 8.42738e-04 1.48564e-05 8.40858e-05 2.33819e-04 2.00285e-06 3.52751e-05 6.02080e-04 4.15249e-06 7.03587e-05 1.27090e-05 
5.10921e-06 7.49909e-05 5.25540e-07 2.93683e-04 1.07593e-06 1.94502e-04 1.28702e-04 1.55147e-04 2.66672e-06 5.00808e-04 8.81090e-07 6.22253e-05 2.18135e-04 2.65498e-05 5.13171e-05 5.01091e-05 
3.30620e-04 2.22075e-04 6.44872e-04 1.53201e-02 8.42738e-04 1.28702e-04 1.39849e-01 3.11439e-04 1.72210e-04 1.98539e-02 2.15438e-04 4.83916e-03 3.76141e-02 1.54933e-04 1.16739e-02 9.39859e-04 
2.18108e-06 1.61301e-05 6.73554e-05 2.43545e-04 1.48564e-05 1.55147e-04 3.11439e-04 1.55968e-03 6.28729e-06 2.78509e-04 1.38052e-06 2.42602e-04 2.64646e-04 6.73666e-05 8.22191e-05 1.53736e-04 
4.87162e-05 7.65675e-06 1.15176e-05 3.18691e-04 8.40858e-05 2.66672e-06 1.72210e-04 6.28729e-06 1.47451e-03 9.78572e-04 4.52651e-05 1.15442e-04 4.03094e-04 2.36060e-05 3.14567e-05 2.04941e-06 
3.45841e-04 3.98469e-04 2.18175e-04 3.41069e-02 2.33819e-04 5.00808e-04 1.98539e-02 2.78509e-04 9.78572e-04 1.72008e-01 3.00446e-04 1.29672e-02 1.65770e-02 3.76109e-04 4.78076e-03 5.79825e-04 
2.93802e-06 2.91250e-06 2.34688e-04 1.95565e-04 2.00285e-06 8.81090e-07 2.15438e-04 1.38052e-06 4.52651e-05 3.00446e-04 7.53017e-04 1.65644e-04 1.17267e-04 1.54089e-05 1.65716e-04 3.10420e-06 
9.44392e-05 3.24733e-04 9.21541e-05 8.32555e-03 3.52751e-05 6.22253e-05 4.83916e-03 2.42602e-04 1.15442e-04 1.29672e-02 1.65644e-04 3.71646e-02 4.23290e-03 1.32143e-04 1.61880e-03 5.55362e-04 
5.61259e-04 1.52675e-04 4.36389e-04 1.56363e-02 6.02080e-04 2.18135e-04 3.76141e-02 2.64646e-04 4.03094e-04 1.65770e-02 1.17267e-04 4.23290e-03 9.17962e-02 3.88090e-04 9.48279e-03 7.38880e-04 
2.47899e-06 7.95475e-06 7.14531e-06 1.36960e-04 4.15249e-06 2.65498e-05 1.54933e-04 6.73666e-05 2.36060e-05 3.76109e-04 1.54089e-05 1.32143e-04 3.88090e-04 5.48129e-05 1.86788e-04 5.34478e-05 
2.45350e-04 6.99657e-05 1.01081e-04 3.14816e-03 7.03587e-05 5.13171e-05 1.16739e-02 8.22191e-05 3.14567e-05 4.78076e-03 1.65716e-04 1.61880e-03 9.48279e-03 1.86788e-04 3.74554e-02 3.00792e-04 
8.74928e-06 4.71726e-05 3.90898e-06 3.06016e-04 1.27090e-05 5.01091e-05 9.39859e-04 1.53736e-04 2.04941e-06 5.79825e-04 3.10420e-06 5.55362e-04 7.38880e-04 5.34478e-05 3.00792e-04 1.83174e-03 

