RIBOSUM

	A	C	G	U
A	2.32
C	-2.11	1.20
G	-1.74	-2.76	1.10
U	-1.69	-1.11	-2.04	1.77


	AA	AC	AG	AU	CA	CC	CG	CU	GA	GC	GG	GU	UA	UC	UG	UU
AA	-1.80
AC	-9.25	-1.97
AG	-8.76	-9.61	-1.71
AU	-5.27	-2.54	-6.47	4.62
CA	-10.15	-11.13	-11.10	-6.33	-2.41
CC	-13.78	-9.79	-13.73	-6.85	-10.75	-2.47
CG	-5.49	-6.07	-5.08	1.53	-3.66	-5.16	5.43
CU	-11.68	-10.20	-8.02	-5.66	-7.89	-6.25	-4.80	-0.79
GA	-8.60	-8.48	-7.82	-6.55	-8.60	-11.92	-3.94	-6.41	-0.91
GC	-5.32	-3.97	-5.87	2.50	-6.04	-4.32	1.92	-6.62	-4.21	5.64
GG	-9.48	-8.62	-5.67	-6.45	-11.65	-13.06	-4.62	-12.53	-6.34	-4.08	-1.99
GU	-6.94	-5.06	-7.01	0.30	-7.98	-8.20	-0.54	-5.84	-6.55	1.09	-5.96	3.54
UA	-4.67	-6.12	-6.59	1.42	-3.25	-7.03	2.58	-4.10	-5.25	1.35	-6.50	-0.93	5.05
UC	-11.59	-8.61	-8.17	-5.89	-8.40	-8.43	-5.85	-4.05	-6.43	-4.71	-12.19	-5.23	-2.87	-3.56
UG	-6.42	-7.55	-5.99	-0.87	-6.34	-8.74	1.06	-7.67	-7.53	-0.21	-4.61	-2.26	0.86	-6.47	3.35
UU	-9.99	-7.55	-10.01	-3.86	-8.41	-6.88	-3.75	-4.57	-11.39	-4.06	-11.27	-4.95	-3.76	-5.04	-4.72	-0.01


BASE FREQUENCIES
2.52367e-01 2.24258e-01 3.01779e-01 2.21596e-01 

BASE PAIR FREQUENCIES
1.93538e-03 1.90450e-03 2.68555e-03 1.27796e-01 
1.54205e-03 9.06590e-04 2.62777e-01 2.23950e-03 
4.39841e-03 2.85267e-01 3.35292e-03 7.36424e-02 
1.53757e-01 1.26004e-03 7.28055e-02 3.73083e-03 


BASE MATCH FREQUENCIES
3.17132e-01 1.30875e-02 2.28067e-02 1.73068e-02 1.30875e-02 1.15284e-01 1.00040e-02 2.29923e-02 2.28067e-02 1.00040e-02 1.95710e-01 1.62530e-02 1.73068e-02 2.29923e-02 1.62530e-02 1.66973e-01 

BASE PAIR MATCH FREQUENCIES
1.16266e-03 5.93744e-06 1.12217e-05 9.22637e-05 3.17444e-06 2.27261e-07 9.59211e-05 9.66770e-07 1.25398e-05 1.07741e-04 8.09980e-06 3.47272e-05 1.39588e-04 1.02891e-06 4.98927e-05 3.07867e-06 
5.93744e-06 8.20409e-04 5.52816e-06 5.45566e-04 1.42999e-06 3.22621e-06 5.69079e-05 2.39144e-06 1.20722e-05 2.44362e-04 1.31131e-05 1.13131e-04 4.55354e-05 7.21970e-06 2.01645e-05 1.48270e-05 
1.12217e-05 5.52816e-06 1.77161e-03 4.81657e-05 1.96476e-06 2.81428e-07 1.52459e-04 1.45520e-05 2.56646e-05 8.79768e-05 1.36446e-04 3.94840e-05 4.42591e-05 1.31787e-05 7.99857e-05 3.63174e-06 
9.22637e-05 5.45566e-04 4.81657e-05 7.70549e-02 3.93123e-05 2.43846e-05 1.09392e-02 5.51259e-05 4.54265e-05 2.14698e-02 5.81592e-05 4.61288e-03 8.34702e-03 4.69275e-05 2.04872e-03 1.89586e-04 
3.17444e-06 1.42999e-06 1.96476e-06 3.93123e-05 6.03341e-04 1.65541e-06 3.02691e-04 1.18675e-05 1.11418e-05 5.83814e-05 1.60266e-06 1.49832e-05 3.32079e-04 8.34846e-06 4.66498e-05 8.19235e-06 
2.27261e-07 3.22621e-06 2.81428e-07 2.43846e-05 1.65541e-06 4.56335e-04 9.49834e-05 3.27606e-05 9.91754e-07 1.70774e-04 5.35619e-07 1.14440e-05 2.14951e-05 7.24544e-06 7.88015e-06 2.09336e-05 
9.59211e-05 5.69079e-05 1.52459e-04 1.09392e-02 3.02691e-04 9.49834e-05 1.97303e-01 1.21134e-04 3.36808e-04 1.72935e-02 2.50642e-04 3.11753e-03 2.26264e-02 5.82017e-05 9.43871e-03 2.46729e-04 
9.66770e-07 2.39144e-06 1.45520e-05 5.51259e-05 1.18675e-05 3.27606e-05 1.21134e-04 1.42680e-03 4.45121e-05 3.43064e-05 7.67232e-07 5.78318e-05 1.61695e-04 1.49481e-04 1.63243e-05 1.02864e-04 
1.25398e-05 1.20722e-05 2.56646e-05 4.54265e-05 1.11418e-05 9.91754e-07 3.36808e-04 4.45121e-05 3.07937e-03 2.77641e-04 8.57555e-05 5.45297e-05 1.11603e-04 4.38643e-05 2.75577e-05 1.39756e-06 
1.07741e-04 2.44362e-04 8.79768e-05 2.14698e-02 5.83814e-05 1.70774e-04 1.72935e-02 3.43064e-05 2.77641e-04 2.27924e-01 3.63224e-04 9.60957e-03 9.67927e-03 1.28881e-04 3.91870e-03 1.99474e-04 
8.09980e-06 1.31131e-05 1.36446e-04 5.81592e-05 1.60266e-06 5.35619e-07 2.50642e-04 7.67232e-07 8.57555e-05 3.63224e-04 2.08511e-03 9.75014e-05 5.61308e-05 9.67939e-07 2.50076e-04 1.80989e-06 
3.47272e-05 1.13131e-04 3.94840e-05 4.61288e-03 1.49832e-05 1.14440e-05 3.11753e-03 5.78318e-05 5.45297e-05 9.60957e-03 9.75014e-05 5.21752e-02 1.96780e-03 8.85555e-05 9.31505e-04 1.06403e-04 
1.39588e-04 4.55354e-05 4.42591e-05 8.34702e-03 3.32079e-04 2.14951e-05 2.26264e-02 1.61695e-04 1.11603e-04 9.67927e-03 5.61308e-05 1.96780e-03 1.03902e-01 3.79146e-04 6.80167e-03 2.02480e-04 
1.02891e-06 7.21970e-06 1.31787e-05 4.69275e-05 8.34846e-06 7.24544e-06 5.82017e-05 1.49481e-04 4.38643e-05 1.28881e-04 9.67939e-07 8.85555e-05 3.79146e-04 2.10051e-04 3.75076e-05 7.42747e-05 
4.98927e-05 2.01645e-05 7.99857e-05 2.04872e-03 4.66498e-05 7.88015e-06 9.43871e-03 1.63243e-05 2.75577e-05 3.91870e-03 2.50076e-04 9.31505e-04 6.80167e-03 3.75076e-05 4.55834e-02 1.24190e-04 
3.07867e-06 1.48270e-05 3.63174e-06 1.89586e-04 8.19235e-06 2.09336e-05 2.46729e-04 1.02864e-04 1.39756e-06 1.99474e-04 1.80989e-06 1.06403e-04 2.02480e-04 7.42747e-05 1.24190e-04 2.39823e-03 

