RIBOSUM

	A	C	G	U
A	1.77
C	-0.98	0.90
G	-0.73	-1.31	0.83
U	-0.80	-0.51	-0.98	1.14


	AA	AC	AG	AU	CA	CC	CG	CU	GA	GC	GG	GU	UA	UC	UG	UU
AA	-2.95
AC	-7.58	-1.34
AG	-8.20	-10.62	-3.15
AU	-4.30	-1.76	-5.54	3.98
CA	-10.07	-10.93	-10.58	-5.02	-3.10
CC	-11.25	-7.43	-13.09	-2.85	-10.41	-3.68
CG	-3.35	-4.09	-3.46	2.25	-2.68	-3.93	5.26
CU	-11.66	-8.86	-8.12	-3.82	-7.82	-5.25	-3.93	-1.41
GA	-7.65	-10.36	-8.61	-4.36	-7.18	-11.82	-4.34	-8.05	-1.97
GC	-4.52	-3.32	-5.13	3.10	-4.09	-2.76	3.03	-2.22	-2.21	5.57
GG	-9.26	-10.37	-4.42	-4.82	-11.18	-12.06	-4.60	-10.17	-6.49	-3.51	-2.20
GU	-4.97	-3.83	-6.00	0.77	-6.47	-6.61	0.54	-4.25	-5.28	1.63	-5.40	3.05
UA	-2.67	-4.81	-2.96	1.88	-2.94	-5.22	3.14	-4.41	-4.33	2.17	-5.66	0.10	4.39
UC	-9.91	-7.75	-8.59	-4.17	-8.94	-7.95	-4.41	-5.19	-7.52	-3.24	-10.36	-4.67	-3.66	-4.97
UG	-3.76	-6.10	-5.77	-0.49	-5.31	-6.96	1.38	-5.81	-6.49	0.46	-4.76	-1.28	0.99	-4.50	3.02
UU	-8.71	-7.43	-10.19	-2.76	-8.87	-6.09	-2.49	-5.13	-9.72	-2.44	-10.21	-3.11	-1.75	-6.28	-3.67	-1.47


BASE FREQUENCIES
2.62938e-01 2.14766e-01 2.87041e-01 2.35255e-01 

BASE PAIR FREQUENCIES
2.77529e-03 2.92916e-03 2.55075e-03 1.43367e-01 
2.34264e-03 1.25991e-03 2.47025e-01 2.89925e-03 
4.05229e-03 2.71219e-01 3.08650e-03 7.18890e-02 
1.64992e-01 1.38558e-03 7.37065e-02 4.52056e-03 


BASE MATCH FREQUENCIES
2.36111e-01 2.85568e-02 4.56060e-02 3.55825e-02 2.85568e-02 8.62637e-02 2.48988e-02 3.54605e-02 4.56060e-02 2.48988e-02 1.46733e-01 3.41892e-02 3.55825e-02 3.54605e-02 3.41892e-02 1.22305e-01 

BASE PAIR MATCH FREQUENCIES
6.16795e-04 2.04630e-05 1.76990e-05 2.16405e-04 3.62205e-06 1.30746e-06 4.19145e-04 1.07665e-06 2.58957e-05 1.85481e-04 9.28637e-06 1.49313e-04 6.72511e-04 3.63162e-06 3.43506e-04 9.12080e-06 
2.04630e-05 1.26059e-03 2.71156e-06 1.03020e-03 1.63121e-06 1.50616e-05 2.04686e-04 6.14350e-06 3.23371e-06 3.47662e-04 3.50382e-06 2.67463e-04 1.24306e-04 1.32444e-05 5.57214e-05 1.80739e-05 
1.76990e-05 2.71156e-06 6.42388e-04 1.00038e-04 2.78601e-06 4.00020e-07 4.22525e-04 1.36613e-05 1.45804e-05 1.32686e-04 2.91414e-04 7.97415e-05 5.98379e-04 9.88737e-06 9.36369e-05 3.57395e-06 
2.16405e-04 1.03020e-03 1.00038e-04 6.02482e-02 1.07858e-04 3.95743e-04 1.81211e-02 2.21776e-04 2.27087e-04 3.26614e-02 1.80829e-04 7.11824e-03 1.40829e-02 1.73190e-04 2.97660e-03 5.04858e-04 
3.62205e-06 1.63121e-06 2.78601e-06 1.07858e-04 3.72143e-04 1.91284e-06 5.41539e-04 1.25910e-05 2.93194e-05 2.04418e-04 2.00506e-06 4.29668e-05 4.56638e-04 5.80614e-06 9.57993e-05 6.68596e-06 
1.30746e-06 1.50616e-05 4.00020e-07 3.95743e-04 1.91284e-06 1.66143e-04 1.86572e-04 6.10811e-05 9.65094e-07 4.18792e-04 8.90887e-07 3.19500e-05 7.65548e-05 9.42658e-06 2.50920e-05 3.74507e-05 
4.19145e-04 2.04686e-04 4.22525e-04 1.81211e-02 5.41539e-04 1.86572e-04 1.45460e-01 2.03715e-04 2.29953e-04 3.09924e-02 2.09697e-04 6.05722e-03 3.37209e-02 1.46303e-04 1.08560e-02 6.06347e-04 
1.07665e-06 6.14350e-06 1.36613e-05 2.21776e-04 1.25910e-05 6.10811e-05 2.03715e-04 9.61795e-04 1.43695e-05 6.69641e-04 3.60859e-06 1.79577e-04 1.47110e-04 6.98452e-05 6.08996e-05 8.00187e-05 
2.58957e-05 3.23371e-06 1.45804e-05 2.27087e-04 2.93194e-05 9.65094e-07 2.29953e-04 1.43695e-05 1.45194e-03 1.00776e-03 6.92124e-05 1.31567e-04 2.32371e-04 2.07186e-05 5.68093e-05 4.94246e-06 
1.85481e-04 3.47662e-04 1.32686e-04 3.26614e-02 2.04418e-04 4.18792e-04 3.09924e-02 6.69641e-04 1.00776e-03 1.80354e-01 4.45937e-04 1.28997e-02 1.71254e-02 3.30655e-04 5.71819e-03 6.28964e-04 
9.28637e-06 3.50382e-06 2.91414e-04 1.80829e-04 2.00506e-06 8.90887e-07 2.09697e-04 3.60859e-06 6.92124e-05 4.45937e-04 1.47573e-03 1.31777e-04 1.00923e-04 3.16867e-06 2.04927e-04 3.85145e-06 
1.49313e-04 2.67463e-04 7.97415e-05 7.11824e-03 4.29668e-05 3.19500e-05 6.05722e-03 1.79577e-04 1.31567e-04 1.28997e-02 1.31777e-04 3.78687e-02 4.46662e-03 1.34230e-04 1.87708e-03 4.31565e-04 
6.72511e-04 1.24306e-04 5.98379e-04 1.40829e-02 4.56638e-04 7.65548e-05 3.37209e-02 1.47110e-04 2.32371e-04 1.71254e-02 1.00923e-04 4.46662e-03 8.03856e-02 2.47081e-04 8.30549e-03 1.02011e-03 
3.63162e-06 1.32444e-05 9.88737e-06 1.73190e-04 5.80614e-06 9.42658e-06 1.46303e-04 6.98452e-05 2.07186e-05 3.30655e-04 3.16867e-06 1.34230e-04 2.47081e-04 8.16644e-05 1.50382e-04 3.60275e-05 
3.43506e-04 5.57214e-05 9.36369e-05 2.97660e-03 9.57993e-05 2.50920e-05 1.08560e-02 6.08996e-05 5.68093e-05 5.71819e-03 2.04927e-04 1.87708e-03 8.30549e-03 1.50382e-04 3.69843e-02 2.94334e-04 
9.12080e-06 1.80739e-05 3.57395e-06 5.04858e-04 6.68596e-06 3.74507e-05 6.06347e-04 8.00187e-05 4.94246e-06 6.28964e-04 3.85145e-06 4.31565e-04 1.02011e-03 3.60275e-05 2.94334e-04 1.10363e-03 

