RIBOSUM

	A	C	G	U
A	2.42
C	-4.33	1.65
G	-3.83	-4.84	1.40
U	-3.69	-2.80	-4.22	2.02


	AA	AC	AG	AU	CA	CC	CG	CU	GA	GC	GG	GU	UA	UC	UG	UU
AA	-0.89
AC	-8.40	-0.73
AG	-7.69	-9.91	-1.30
AU	-5.77	-4.90	-7.45	5.18
CA	-8.10	-9.63	-11.94	-7.86	-1.00
CC	-15.18	-7.95	-15.92	-8.96	-10.33	-1.21
CG	-7.44	-8.44	-5.85	-1.83	-4.21	-5.50	5.90
CU	-11.44	-14.62	-12.85	-6.04	-8.95	-7.72	-5.70	0.01
GA	-8.81	-12.90	-9.41	-9.19	-9.16	-16.77	-8.80	-13.69	-0.49
GC	-6.88	-4.34	-8.36	0.11	-8.08	-5.29	-1.40	-8.18	-6.32	6.03
GG	-10.83	-10.77	-7.66	-8.28	-10.95	-13.69	-5.93	-12.79	-8.74	-5.41	-1.41
GU	-8.03	-6.92	-8.86	-1.12	-9.09	-9.70	-3.40	-6.58	-7.26	-0.41	-6.77	3.86
UA	-6.04	-7.84	-9.10	-1.60	-4.10	-9.64	0.14	-8.07	-6.85	-2.04	-8.74	-3.80	5.41
UC	-9.45	-8.18	-11.27	-8.46	-11.96	-8.05	-8.18	-6.48	-13.59	-5.32	-13.19	-7.30	-5.64	-1.34
UG	-8.38	-9.43	-7.31	-3.82	-6.93	-10.64	-0.34	-8.89	-10.10	-3.57	-6.83	-4.61	-0.99	-6.87	3.81
UU	-11.91	-9.68	-11.84	-4.70	-10.21	-9.85	-6.25	-7.55	-15.90	-6.67	-12.67	-5.57	-4.81	-5.62	-5.75	0.34


BASE FREQUENCIES
2.57502e-01 2.18083e-01 2.91288e-01 2.33126e-01 

BASE PAIR FREQUENCIES
2.71477e-03 2.32173e-03 2.61254e-03 1.40033e-01 
2.14664e-03 1.22146e-03 2.51453e-01 2.83599e-03 
4.20312e-03 2.73473e-01 3.11547e-03 7.30885e-02 
1.62721e-01 1.37860e-03 7.23439e-02 4.33770e-03 


BASE MATCH FREQUENCIES
3.55507e-01 2.79165e-03 5.28898e-03 4.64580e-03 2.79165e-03 1.48769e-01 2.21147e-03 7.31375e-03 5.28898e-03 2.21147e-03 2.23716e-01 3.64800e-03 4.64580e-03 7.31375e-03 3.64800e-03 2.20209e-01 

BASE PAIR MATCH FREQUENCIES
2.36976e-03 1.09935e-05 2.40627e-05 7.30335e-05 1.36067e-05 8.51953e-08 2.43208e-05 1.21137e-06 1.10493e-05 3.56694e-05 3.09298e-06 1.72076e-05 6.03680e-05 4.82014e-06 1.35220e-05 9.39316e-07 
1.09935e-05 1.89682e-03 4.38441e-06 1.12806e-04 3.97342e-06 1.08200e-05 1.02561e-05 1.13304e-07 5.49217e-07 1.75624e-04 2.73232e-06 3.14105e-05 1.46880e-05 9.82778e-06 5.54089e-06 3.73187e-06 
2.40627e-05 4.38441e-06 2.29233e-03 2.57459e-05 1.07270e-06 5.75833e-08 8.23663e-05 5.14800e-07 8.28195e-06 1.45288e-05 3.15016e-05 1.09433e-05 8.18069e-06 1.54908e-06 3.20196e-05 1.11516e-06 
7.30335e-05 1.12806e-04 2.57459e-05 1.30679e-01 1.45509e-05 5.72213e-06 1.07202e-03 4.64955e-05 7.70208e-06 4.12017e-03 1.64009e-05 1.87546e-03 1.18590e-03 8.67722e-06 2.88325e-04 1.25364e-04 
1.36067e-05 3.97342e-06 1.07270e-06 1.45509e-05 1.57766e-03 2.08137e-06 1.93209e-04 5.75871e-06 7.33907e-06 1.31780e-05 2.41157e-06 7.01012e-06 1.97017e-04 7.15978e-07 3.11938e-05 2.57003e-06 
8.51953e-08 1.08200e-05 5.75833e-08 5.72213e-06 2.08137e-06 9.78007e-04 6.68348e-05 1.14531e-05 3.18847e-08 7.71670e-05 3.05360e-07 3.89382e-06 3.57897e-06 9.10095e-06 2.02621e-06 2.79277e-06 
2.43208e-05 1.02561e-05 8.23663e-05 1.07202e-03 1.93209e-04 6.68348e-05 2.40373e-01 6.20656e-05 1.06741e-05 1.52911e-03 8.84378e-05 4.09290e-04 4.21333e-03 1.11411e-05 3.41859e-03 4.53474e-05 
1.21137e-06 1.13304e-07 5.14800e-07 4.64955e-05 5.75871e-06 1.14531e-05 6.20656e-05 2.59655e-03 2.88610e-07 1.11212e-05 6.10664e-07 3.60260e-05 1.13375e-05 2.89401e-05 7.29635e-06 1.47009e-05 
1.10493e-05 5.49217e-07 8.28195e-06 7.70208e-06 7.33907e-06 3.18847e-08 1.06741e-05 2.88610e-07 4.00525e-03 5.96417e-05 1.49046e-05 3.33325e-05 3.90619e-05 3.09472e-07 4.64814e-06 6.65589e-08 
3.56694e-05 1.75624e-04 1.45288e-05 4.12017e-03 1.31780e-05 7.71670e-05 1.52911e-03 1.11212e-05 5.96417e-05 2.64248e-01 1.26522e-04 3.23545e-03 9.25153e-04 8.07024e-05 3.62844e-04 3.38269e-05 
3.09298e-06 2.73232e-06 3.15016e-05 1.64009e-05 2.41157e-06 3.05360e-07 8.84378e-05 6.10664e-07 1.49046e-05 1.26522e-04 2.70916e-03 5.28411e-05 1.18763e-05 4.62576e-07 5.05441e-05 7.05304e-07 
1.72076e-05 3.14105e-05 1.09433e-05 1.87546e-03 7.01012e-06 3.89382e-06 4.09290e-04 3.60260e-05 3.33325e-05 3.23545e-03 5.28411e-05 6.69567e-02 2.92783e-04 2.19789e-05 1.88950e-04 7.77773e-05 
6.03680e-05 1.46880e-05 8.18069e-06 1.18590e-03 1.97017e-04 3.57897e-06 4.21333e-03 1.13375e-05 3.90619e-05 9.25153e-04 1.18763e-05 2.92783e-04 1.53486e-01 6.10058e-05 2.04756e-03 1.16114e-04 
4.82014e-06 9.82778e-06 1.54908e-06 8.67722e-06 7.15978e-07 9.10095e-06 1.11411e-05 2.89401e-05 3.09472e-07 8.07024e-05 4.62576e-07 2.19789e-05 6.10058e-05 1.02427e-03 2.94867e-05 5.60568e-05 
1.35220e-05 5.54089e-06 3.20196e-05 2.88325e-04 3.11938e-05 2.02621e-06 3.41859e-03 7.29635e-06 4.64814e-06 3.62844e-04 5.05441e-05 1.88950e-04 2.04756e-03 2.94867e-05 6.46888e-02 6.87691e-05 
9.39316e-07 3.73187e-06 1.11516e-06 1.25364e-04 2.57003e-06 2.79277e-06 4.53474e-05 1.47009e-05 6.65589e-08 3.38269e-05 7.05304e-07 7.77773e-05 1.16114e-04 5.60568e-05 6.87691e-05 3.72603e-03 

