RIBOSUM

	A	C	G	U
A	2.30
C	-2.36	1.32
G	-1.99	-2.87	1.20
U	-2.03	-1.15	-2.30	1.79


	AA	AC	AG	AU	CA	CC	CG	CU	GA	GC	GG	GU	UA	UC	UG	UU
AA	-0.96
AC	-9.25	-1.36
AG	-8.60	-9.96	-1.75
AU	-5.54	-3.18	-6.39	4.82
CA	-9.90	-11.16	-11.29	-6.75	-1.53
CC	-13.76	-9.08	-13.21	-7.30	-10.14	-1.46
CG	-5.65	-6.12	-4.87	1.12	-3.36	-5.15	5.59
CU	-10.99	-11.43	-8.08	-6.28	-7.96	-6.66	-4.87	-0.16
GA	-9.33	-8.58	-8.87	-7.32	-8.81	-12.11	-4.21	-6.34	-0.87
GC	-5.27	-3.98	-6.51	2.17	-5.85	-4.32	1.64	-7.09	-4.41	5.77
GG	-10.03	-9.13	-5.18	-7.25	-11.86	-13.55	-4.59	-12.72	-6.82	-4.37	-2.13
GU	-7.17	-5.84	-7.18	0.13	-8.29	-8.31	-0.95	-6.92	-6.91	0.94	-6.24	3.57
UA	-4.84	-6.55	-6.84	0.84	-3.77	-7.40	2.27	-4.51	-5.44	0.88	-7.07	-1.53	5.10
UC	-11.50	-8.46	-8.35	-6.36	-8.80	-8.54	-5.88	-4.67	-6.64	-4.75	-12.36	-5.03	-3.11	-3.40
UG	-6.81	-7.92	-5.53	-1.39	-6.27	-9.12	0.97	-8.47	-7.91	-0.54	-4.92	-2.56	0.52	-7.23	3.43
UU	-9.84	-7.89	-10.09	-3.80	-7.84	-7.04	-3.80	-4.31	-11.95	-4.00	-11.42	-4.91	-4.06	-4.35	-4.98	-0.11


BASE FREQUENCIES
2.52793e-01 2.21440e-01 2.93836e-01 2.31932e-01 

BASE PAIR FREQUENCIES
2.89851e-03 2.04742e-03 2.43962e-03 1.35995e-01 
2.00468e-03 1.30332e-03 2.57833e-01 2.93443e-03 
4.01285e-03 2.76881e-01 2.81119e-03 7.41731e-02 
1.55907e-01 1.27086e-03 7.33403e-02 4.14792e-03 


BASE MATCH FREQUENCIES
3.14506e-01 1.09023e-02 1.86420e-02 1.43249e-02 1.09023e-02 1.22745e-01 8.88782e-03 2.30683e-02 1.86420e-02 8.88782e-03 1.97896e-01 1.38339e-02 1.43249e-02 2.30683e-02 1.38339e-02 1.85534e-01 

BASE PAIR MATCH FREQUENCIES
2.10639e-03 5.85585e-06 1.22670e-05 8.06437e-05 3.73124e-06 2.26200e-07 8.26089e-05 1.61340e-06 7.36830e-06 1.07538e-04 5.28016e-06 3.02156e-05 1.30927e-04 1.13231e-06 3.87467e-05 3.75782e-06 
5.85585e-06 1.21927e-03 4.17034e-06 3.61482e-04 1.36648e-06 5.07763e-06 5.24040e-05 1.04227e-06 1.08584e-05 2.30519e-04 8.60875e-06 6.67744e-05 3.51299e-05 8.18472e-06 1.58051e-05 1.26567e-05 
1.22670e-05 4.17034e-06 1.64051e-03 5.20625e-05 1.65974e-06 3.85501e-07 1.65456e-04 1.41323e-05 1.17957e-05 5.31044e-05 1.76392e-04 3.48097e-05 3.81280e-05 1.17284e-05 1.09901e-04 3.66869e-06 
8.06437e-05 3.61482e-04 5.20625e-05 9.70545e-02 3.04046e-05 1.81918e-05 8.30955e-03 3.88822e-05 2.73383e-05 1.71736e-02 3.31425e-05 4.36884e-03 6.13850e-03 3.66778e-05 1.52467e-03 2.26935e-04 
3.73124e-06 1.36648e-06 1.65974e-06 3.04046e-05 1.08676e-03 2.42704e-06 3.54234e-04 1.15774e-05 9.28809e-06 6.33503e-05 1.29844e-06 1.21839e-05 2.40792e-04 6.44406e-06 4.96055e-05 1.31214e-05 
2.26200e-07 5.07763e-06 3.85501e-07 1.81918e-05 2.42704e-06 8.71546e-04 8.99838e-05 2.48639e-05 8.24943e-07 1.59901e-04 3.52444e-07 1.04947e-05 1.70107e-05 6.77661e-06 5.99884e-06 2.00642e-05 
8.26089e-05 5.24040e-05 1.65456e-04 8.30955e-03 3.54234e-04 8.99838e-05 2.04330e-01 1.13927e-04 2.61208e-04 1.31784e-02 2.33990e-04 2.29392e-03 1.84535e-02 5.67002e-05 8.70249e-03 2.51812e-04 
1.61340e-06 1.04227e-06 1.41323e-05 3.88822e-05 1.15774e-05 2.48639e-05 1.13927e-04 2.35293e-03 4.71045e-05 2.44794e-05 6.55311e-07 2.88663e-05 1.32161e-04 1.03847e-04 9.85655e-06 1.39278e-04 
7.36830e-06 1.08584e-05 1.17957e-05 2.73383e-05 9.28809e-06 8.24943e-07 2.61208e-04 4.71045e-05 3.00973e-03 2.27876e-04 5.68407e-05 4.20737e-05 1.00654e-04 3.83413e-05 2.10263e-05 1.01308e-06 
1.07538e-04 2.30519e-04 5.31044e-05 1.71736e-02 6.33503e-05 1.59901e-04 1.31784e-02 2.44794e-05 2.27876e-04 2.30373e-01 2.72094e-04 8.53416e-03 7.00621e-03 1.24148e-04 3.05282e-03 2.19409e-04 
5.28016e-06 8.60875e-06 1.76392e-04 3.31425e-05 1.29844e-06 3.52444e-07 2.33990e-04 6.55311e-07 5.68407e-05 2.72094e-04 1.70752e-03 7.76419e-05 3.76470e-05 8.43913e-07 1.93796e-04 1.69863e-06 
3.02156e-05 6.67744e-05 3.48097e-05 4.36884e-03 1.21839e-05 1.04947e-05 2.29392e-03 2.88663e-05 4.20737e-05 8.53416e-03 7.76419e-05 5.53181e-02 1.37946e-03 1.07170e-04 7.87073e-04 1.22200e-04 
1.30927e-04 3.51299e-05 3.81280e-05 6.13850e-03 2.40792e-04 1.70107e-05 1.84535e-02 1.32161e-04 1.00654e-04 7.00621e-03 3.76470e-05 1.37946e-03 1.17878e-01 3.47863e-04 5.72577e-03 1.88823e-04 
1.13231e-06 8.18472e-06 1.17284e-05 3.66778e-05 6.44406e-06 6.77661e-06 5.67002e-05 1.03847e-04 3.83413e-05 1.24148e-04 8.43913e-07 1.07170e-04 3.47863e-04 2.49066e-04 2.32995e-05 1.35559e-04 
3.87467e-05 1.58051e-05 1.09901e-04 1.52467e-03 4.96055e-05 5.99884e-06 8.70249e-03 9.85655e-06 2.10263e-05 3.05282e-03 1.93796e-04 7.87073e-04 5.72577e-03 2.32995e-05 5.01169e-02 1.16062e-04 
3.75782e-06 1.26567e-05 3.66869e-06 2.26935e-04 1.31214e-05 2.00642e-05 2.51812e-04 1.39278e-04 1.01308e-06 2.19409e-04 1.69863e-06 1.22200e-04 1.88823e-04 1.35559e-04 1.16062e-04 2.68414e-03 

