RIBOSUM

	A	C	G	U
A	2.28
C	-2.79	1.49
G	-2.40	-3.14	1.31
U	-2.49	-1.34	-2.68	1.80


	AA	AC	AG	AU	CA	CC	CG	CU	GA	GC	GG	GU	UA	UC	UG	UU
AA	-0.47
AC	-8.54	-0.79
AG	-7.63	-9.49	-1.62
AU	-5.35	-4.81	-6.20	4.97
CA	-9.60	-11.08	-10.59	-7.15	-0.97
CC	-13.11	-8.36	-12.28	-7.78	-9.53	-0.82
CG	-5.74	-6.21	-4.92	0.44	-3.11	-4.98	5.80
CU	-10.46	-11.30	-9.97	-6.06	-8.99	-7.48	-4.90	0.24
GA	-8.88	-7.65	-8.30	-7.90	-8.46	-14.26	-6.11	-9.58	-0.79
GC	-4.85	-3.82	-6.89	1.64	-5.95	-4.38	1.15	-7.50	-4.81	5.94
GG	-10.42	-11.25	-4.76	-8.02	-11.46	-13.86	-5.01	-13.43	-7.69	-5.18	-2.13
GU	-6.85	-5.83	-7.92	-0.04	-8.36	-8.37	-1.40	-6.80	-6.80	0.68	-6.33	3.65
UA	-4.97	-6.84	-7.35	-0.20	-4.22	-7.47	1.83	-5.71	-6.18	0.11	-7.67	-2.51	5.12
UC	-10.94	-8.72	-10.61	-6.69	-10.77	-8.56	-6.08	-5.88	-9.23	-4.69	-12.76	-4.56	-4.34	-2.72
UG	-6.95	-8.10	-6.66	-2.27	-6.24	-9.09	0.85	-8.63	-8.81	-1.25	-6.24	-3.00	-0.03	-7.53	3.55
UU	-9.47	-7.83	-10.21	-3.52	-7.43	-6.82	-4.10	-6.35	-13.16	-4.06	-12.04	-4.84	-4.29	-4.01	-5.50	-0.10


BASE FREQUENCIES
2.55164e-01 2.16400e-01 2.84421e-01 2.44015e-01 

BASE PAIR FREQUENCIES
3.98765e-03 2.36726e-03 2.37438e-03 1.46954e-01 
2.45612e-03 1.62271e-03 2.50074e-01 3.57605e-03 
3.48365e-03 2.65317e-01 2.31933e-03 7.56955e-02 
1.60192e-01 1.25160e-03 7.35903e-02 4.73842e-03 


BASE MATCH FREQUENCIES
3.16807e-01 7.99731e-03 1.37369e-02 1.11065e-02 7.99731e-03 1.31491e-01 6.97549e-03 2.08794e-02 1.37369e-02 6.97549e-03 2.00587e-01 1.08541e-02 1.11065e-02 2.08794e-02 1.08541e-02 2.08016e-01 

BASE PAIR MATCH FREQUENCIES
3.06965e-03 9.65732e-06 2.38772e-05 9.93996e-05 4.62617e-06 3.45365e-07 7.51135e-05 2.43815e-06 1.00155e-05 1.38659e-04 3.85440e-06 3.91751e-05 1.29641e-04 1.75141e-06 3.65832e-05 5.45251e-06 
9.65732e-06 1.75998e-03 5.55698e-06 1.22724e-04 1.40793e-06 7.85343e-06 4.59531e-05 1.15888e-06 1.99444e-05 2.40231e-04 1.83650e-06 6.75840e-05 3.00969e-05 6.90559e-06 1.39967e-05 1.44960e-05 
2.38772e-05 5.55698e-06 1.71252e-03 6.13378e-05 2.59331e-06 6.83357e-07 1.47756e-04 3.82308e-06 1.67370e-05 3.76318e-05 2.17352e-04 2.08534e-05 2.77760e-05 2.45433e-06 4.99666e-05 3.64223e-06 
9.93996e-05 1.22724e-04 6.13378e-05 1.21441e-01 2.41523e-05 1.33103e-05 5.18737e-03 4.93973e-05 1.88880e-05 1.19747e-02 1.94231e-05 4.20625e-03 3.37304e-03 3.17631e-05 8.95737e-04 3.22663e-04 
4.62617e-06 1.40793e-06 2.59331e-06 2.41523e-05 1.56124e-03 3.50447e-06 3.93872e-04 5.72906e-06 1.13728e-05 5.50213e-05 1.58362e-06 1.16265e-05 1.84451e-04 1.66637e-06 5.05716e-05 1.90327e-05 
3.45365e-07 7.85343e-06 6.83357e-07 1.33103e-05 3.50447e-06 1.24643e-03 9.12235e-05 1.38510e-05 1.72946e-07 1.38721e-04 2.54105e-07 9.84866e-06 1.64350e-05 6.53331e-06 5.95724e-06 2.46397e-05 
7.51135e-05 4.59531e-05 1.47756e-04 5.18737e-03 3.93872e-04 9.12235e-05 2.11439e-01 1.08752e-04 6.48703e-05 8.38216e-03 1.53991e-04 1.61435e-03 1.36103e-02 4.80172e-05 7.70703e-03 2.14127e-04 
2.43815e-06 1.15888e-06 3.82308e-06 4.93973e-05 5.72906e-06 1.38510e-05 1.08752e-04 3.30053e-03 5.00100e-06 1.79148e-05 3.86300e-07 3.29443e-05 6.28328e-05 4.72338e-05 9.25990e-06 3.84454e-05 
1.00155e-05 1.99444e-05 1.67370e-05 1.88880e-05 1.13728e-05 1.72946e-07 6.48703e-05 5.00100e-06 3.05555e-03 1.58798e-04 2.85061e-05 4.50605e-05 6.24634e-05 6.39606e-06 1.12276e-05 4.70779e-07 
1.38659e-04 2.40231e-04 3.76318e-05 1.19747e-02 5.50213e-05 1.38721e-04 8.38216e-03 1.79148e-05 1.58798e-04 2.32089e-01 1.37211e-04 6.86543e-03 4.14400e-03 1.25696e-04 1.79829e-03 2.19211e-04 
3.85440e-06 1.83650e-06 2.17352e-04 1.94231e-05 1.58362e-06 2.54105e-07 1.53991e-04 3.86300e-07 2.85061e-05 1.37211e-04 1.49576e-03 6.98346e-05 2.48163e-05 6.17408e-07 7.42390e-05 1.14008e-06 
3.91751e-05 6.75840e-05 2.08534e-05 4.20625e-03 1.16265e-05 9.84866e-06 1.61435e-03 3.29443e-05 4.50605e-05 6.86543e-03 6.98346e-05 6.03897e-02 7.60132e-04 1.55861e-04 6.01426e-04 1.44123e-04 
1.29641e-04 3.00969e-05 2.77760e-05 3.37304e-03 1.84451e-04 1.64350e-05 1.36103e-02 6.28328e-05 6.24634e-05 4.14400e-03 2.48163e-05 7.60132e-04 1.34782e-01 1.62483e-04 4.22041e-03 1.88979e-04 
1.75141e-06 6.90559e-06 2.45433e-06 3.17631e-05 1.66637e-06 6.53331e-06 4.80172e-05 4.72338e-05 6.39606e-06 1.25696e-04 6.17408e-07 1.55861e-04 1.62483e-04 4.24186e-04 1.98453e-05 1.95383e-04 
3.65832e-05 1.39967e-05 4.99666e-05 8.95737e-04 5.05716e-05 5.95724e-06 7.70703e-03 9.25990e-06 1.12276e-05 1.79829e-03 7.42390e-05 6.01426e-04 4.22041e-03 1.98453e-05 5.62287e-02 9.14489e-05 
5.45251e-06 1.44960e-05 3.64223e-06 3.22663e-04 1.90327e-05 2.46397e-05 2.14127e-04 3.84454e-05 4.70779e-07 2.19211e-04 1.14008e-06 1.44123e-04 1.88979e-04 1.95383e-04 9.14489e-05 3.31082e-03 

