RIBOSUM

	A	C	G	U
A	2.08
C	-1.43	1.03
G	-1.11	-1.84	0.95
U	-1.14	-0.78	-1.37	1.48


	AA	AC	AG	AU	CA	CC	CG	CU	GA	GC	GG	GU	UA	UC	UG	UU
AA	-2.52
AC	-8.86	-1.91
AG	-7.98	-9.73	-2.14
AU	-4.73	-1.97	-5.94	4.32
CA	-9.78	-10.63	-9.97	-5.65	-2.97
CC	-12.53	-8.85	-13.19	-3.51	-10.23	-3.14
CG	-3.86	-5.37	-4.46	1.89	-3.10	-4.56	5.32
CU	-11.50	-9.37	-8.42	-4.46	-7.75	-6.22	-4.20	-1.14
GA	-8.15	-9.53	-7.64	-5.03	-7.97	-12.37	-4.22	-7.49	-1.30
GC	-5.11	-3.65	-5.29	2.79	-5.46	-3.70	2.51	-3.05	-2.96	5.59
GG	-9.34	-9.37	-4.87	-5.65	-10.87	-12.10	-4.62	-10.39	-6.53	-3.84	-2.05
GU	-6.05	-4.34	-6.77	0.59	-6.91	-7.31	0.04	-4.77	-6.06	1.37	-5.73	3.33
UA	-3.10	-5.52	-3.63	1.73	-2.98	-6.28	2.89	-4.49	-4.77	1.76	-6.09	-0.28	4.78
UC	-10.91	-8.44	-8.35	-4.78	-8.15	-7.96	-5.05	-4.15	-6.81	-3.99	-11.46	-4.90	-3.27	-3.72
UG	-4.44	-7.05	-5.94	-0.70	-6.00	-8.09	1.22	-6.74	-7.03	0.07	-4.71	-1.70	0.91	-4.95	3.19
UU	-9.66	-7.38	-10.39	-3.30	-8.62	-6.31	-3.33	-4.64	-10.63	-3.36	-10.42	-3.46	-2.34	-6.02	-4.13	-0.57


BASE FREQUENCIES
2.55601e-01 2.21790e-01 2.97928e-01 2.24681e-01 

BASE PAIR FREQUENCIES
2.21950e-03 2.30151e-03 2.73198e-03 1.31332e-01 
1.90887e-03 1.03332e-03 2.58469e-01 2.56756e-03 
4.17097e-03 2.82919e-01 3.31811e-03 7.28708e-02 
1.56290e-01 1.36185e-03 7.25700e-02 3.93584e-03 


BASE MATCH FREQUENCIES
2.76748e-01 2.10925e-02 3.52007e-02 2.60345e-02 2.10925e-02 1.00169e-01 1.84773e-02 2.90067e-02 3.52007e-02 1.84773e-02 1.71394e-01 2.58624e-02 2.60345e-02 2.90067e-02 2.58624e-02 1.40341e-01 

BASE PAIR MATCH FREQUENCIES
7.41709e-04 7.97578e-06 1.96894e-05 1.40972e-04 4.22021e-06 5.44255e-07 2.96379e-04 1.12171e-06 1.75283e-05 1.25277e-04 8.95187e-06 6.59173e-05 4.36481e-04 1.69011e-06 2.01661e-04 4.08896e-06 
7.97578e-06 8.54228e-04 5.08976e-06 8.33194e-04 2.03390e-06 6.03046e-06 9.04232e-05 4.26336e-06 5.83080e-06 2.99236e-04 7.58810e-06 1.87156e-04 7.11018e-05 8.14180e-06 2.86640e-05 1.72342e-05 
1.96894e-05 5.08976e-06 1.31524e-03 7.13459e-05 4.30096e-06 4.00840e-07 2.29053e-04 1.11120e-05 2.89900e-05 1.28464e-04 2.31711e-04 4.66068e-05 3.52510e-04 1.16063e-05 8.32789e-05 2.86198e-06 
1.40972e-04 8.33194e-04 7.13459e-05 6.60280e-02 6.48562e-05 2.47861e-04 1.41008e-02 1.29617e-04 1.33600e-04 2.62182e-02 1.01183e-04 5.79635e-03 1.09146e-02 1.03962e-04 2.36472e-03 2.94003e-04 
4.22021e-06 2.03390e-06 4.30096e-06 6.48562e-05 4.11490e-04 2.31801e-06 4.37348e-04 1.31231e-05 1.72659e-05 8.49071e-05 2.68412e-06 3.15009e-05 4.13406e-04 9.91743e-06 5.92500e-05 7.29608e-06 
5.44255e-07 6.03046e-06 4.00840e-07 2.47861e-04 2.31801e-06 2.74844e-04 1.38156e-04 3.29738e-05 7.08439e-07 2.49751e-04 9.94205e-07 2.07467e-05 3.62929e-05 9.85272e-06 1.20667e-05 3.11988e-05 
2.96379e-04 9.04232e-05 2.29053e-04 1.41008e-02 4.37348e-04 1.38156e-04 1.74657e-01 1.78931e-04 2.70440e-04 2.49096e-02 2.39330e-04 4.54669e-03 2.80859e-02 9.95752e-05 1.03160e-02 3.32544e-04 
1.12171e-06 4.26336e-06 1.11120e-05 1.29617e-04 1.31231e-05 3.29738e-05 1.78931e-04 1.12721e-03 2.11028e-05 3.97280e-04 3.28790e-06 1.22606e-04 1.27585e-04 1.40034e-04 3.11462e-05 1.01238e-04 
1.75283e-05 5.83080e-06 2.89900e-05 1.33600e-04 1.72659e-05 7.08439e-07 2.70440e-04 2.11028e-05 2.35688e-03 6.45295e-04 7.33877e-05 7.61766e-05 1.60368e-04 3.37352e-05 3.90924e-05 2.41864e-06 
1.25277e-04 2.99236e-04 1.28464e-04 2.62182e-02 8.49071e-05 2.49751e-04 2.49096e-02 3.97280e-04 6.45295e-04 2.09843e-01 4.10696e-04 1.14683e-02 1.28869e-02 2.07164e-04 4.63191e-03 3.24857e-04 
8.95187e-06 7.58810e-06 2.31711e-04 1.01183e-04 2.68412e-06 9.94205e-07 2.39330e-04 3.28790e-06 7.33877e-05 4.10696e-04 1.89873e-03 1.11948e-04 7.47899e-05 1.56817e-06 2.27268e-04 3.28153e-06 
6.59173e-05 1.87156e-04 4.66068e-05 5.79635e-03 3.15009e-05 2.07467e-05 4.54669e-03 1.22606e-04 7.61766e-05 1.14683e-02 1.11948e-04 4.50623e-02 3.15800e-03 1.11568e-04 1.38274e-03 3.07695e-04 
4.36481e-04 7.11018e-05 3.52510e-04 1.09146e-02 4.13406e-04 3.62929e-05 2.80859e-02 1.27585e-04 1.60368e-04 1.28869e-02 7.47899e-05 3.15800e-03 9.07738e-02 2.95822e-04 7.21224e-03 5.73434e-04 
1.69011e-06 8.14180e-06 1.16063e-05 1.03962e-04 9.91743e-06 9.85272e-06 9.95752e-05 1.40034e-04 3.37352e-05 2.07164e-04 1.56817e-06 1.11568e-04 2.95822e-04 1.88979e-04 1.07677e-04 3.86431e-05 
2.01661e-04 2.86640e-05 8.32789e-05 2.36472e-03 5.92500e-05 1.20667e-05 1.03160e-02 3.11462e-05 3.90924e-05 4.63191e-03 2.27268e-04 1.38274e-03 7.21224e-03 1.07677e-04 4.10212e-02 1.92645e-04 
4.08896e-06 1.72342e-05 2.86198e-06 2.94003e-04 7.29608e-06 3.11988e-05 3.32544e-04 1.01238e-04 2.41864e-06 3.24857e-04 3.28153e-06 3.07695e-04 5.73434e-04 3.86431e-05 1.92645e-04 1.71506e-03 

