RIBOSUM

	A	C	G	U
A	2.37
C	-3.54	1.59
G	-3.12	-3.93	1.36
U	-2.90	-1.97	-3.41	1.92


	AA	AC	AG	AU	CA	CC	CG	CU	GA	GC	GG	GU	UA	UC	UG	UU
AA	-0.67
AC	-8.14	-0.50
AG	-7.42	-9.26	-1.28
AU	-5.03	-5.02	-7.42	5.10
CA	-9.79	-10.86	-11.43	-8.49	-1.28
CC	-13.77	-7.46	-13.27	-8.08	-10.00	-1.21
CG	-6.31	-7.08	-5.88	-0.56	-3.89	-5.29	5.87
CU	-11.08	-13.35	-11.96	-5.94	-10.03	-7.19	-5.21	0.13
GA	-8.73	-8.84	-7.85	-8.60	-8.75	-12.94	-8.83	-15.74	-0.68
GC	-5.06	-4.01	-8.06	1.02	-6.46	-4.77	-0.08	-7.61	-5.93	6.00
GG	-10.15	-12.10	-6.54	-8.47	-11.28	-14.28	-5.70	-14.83	-7.30	-5.34	-1.57
GU	-7.61	-6.52	-8.30	-0.66	-9.01	-9.41	-2.02	-6.69	-6.64	0.28	-6.39	3.78
UA	-5.19	-6.97	-8.10	-0.96	-4.63	-8.19	1.11	-6.88	-6.66	-1.04	-8.21	-3.37	5.26
UC	-12.29	-9.39	-11.44	-7.24	-12.23	-8.26	-6.97	-6.37	-15.28	-4.96	-12.19	-5.31	-5.40	-1.58
UG	-7.89	-8.97	-6.43	-3.09	-6.47	-9.58	0.59	-9.06	-9.64	-2.45	-6.76	-3.56	-0.59	-7.48	3.73
UU	-9.48	-9.03	-10.26	-3.61	-9.65	-7.91	-4.68	-6.86	-14.02	-5.54	-12.85	-5.08	-4.05	-5.39	-5.42	0.18


BASE FREQUENCIES
2.56908e-01 2.18029e-01 2.86838e-01 2.38225e-01 

BASE PAIR FREQUENCIES
3.39160e-03 2.71864e-03 2.64616e-03 1.44710e-01 
1.86594e-03 1.29429e-03 2.51177e-01 3.26066e-03 
3.69400e-03 2.68035e-01 2.79709e-03 7.45042e-02 
1.59404e-01 1.38519e-03 7.43248e-02 4.79097e-03 


BASE MATCH FREQUENCIES
3.40532e-01 4.80903e-03 8.48155e-03 8.22435e-03 4.80903e-03 1.43550e-01 4.11151e-03 1.32466e-02 8.48155e-03 4.11151e-03 2.10905e-01 6.45039e-03 8.22435e-03 1.32466e-02 6.45039e-03 2.14367e-01 

BASE PAIR MATCH FREQUENCIES
2.72887e-03 1.31263e-05 2.84835e-05 1.23230e-04 4.18906e-06 2.24550e-07 5.19051e-05 1.58005e-06 1.14337e-05 1.23988e-04 4.78969e-06 2.30236e-05 1.10323e-04 6.83226e-07 1.90307e-05 5.23859e-06 
1.31263e-05 2.22447e-03 6.72862e-06 1.05695e-04 1.68580e-06 1.51288e-05 2.58073e-05 2.79138e-07 8.99062e-06 2.16885e-04 1.04792e-06 4.17467e-05 2.73999e-05 4.33348e-06 7.62968e-06 6.07185e-06 
2.84835e-05 6.72862e-06 2.24211e-03 2.63674e-05 1.49631e-06 3.54969e-07 7.82425e-05 9.60866e-07 2.34804e-05 1.73124e-05 6.52105e-05 1.60166e-05 1.64171e-05 1.37477e-06 5.85573e-05 3.41824e-06 
1.23230e-04 1.05695e-04 2.63674e-05 1.28459e-01 9.54799e-06 1.07741e-05 2.58926e-03 5.18984e-05 1.16031e-05 7.78858e-03 1.42364e-05 2.64400e-03 1.92545e-03 2.10884e-05 4.89888e-04 2.84876e-04 
4.18906e-06 1.68580e-06 1.49631e-06 9.54799e-06 1.29196e-03 2.59244e-06 2.36062e-04 2.77594e-06 9.55835e-06 3.98325e-05 1.85212e-06 7.42701e-06 1.38493e-04 6.06421e-07 4.31434e-05 3.96475e-06 
2.24550e-07 1.51288e-05 3.54969e-07 1.07741e-05 2.59244e-06 9.73996e-04 7.62093e-05 1.69087e-05 4.45456e-07 1.09065e-04 1.96891e-07 4.77657e-06 9.94044e-06 8.08186e-06 4.23093e-06 1.11923e-05 
5.19051e-05 2.58073e-05 7.82425e-05 2.58926e-03 2.36062e-04 7.62093e-05 2.28657e-01 8.79808e-05 1.01120e-05 3.69080e-03 9.88490e-05 1.05392e-03 8.23657e-03 2.59632e-05 6.42122e-03 1.38227e-04 
1.58005e-06 2.79138e-07 9.60866e-07 5.18984e-05 2.77594e-06 1.69087e-05 8.79808e-05 2.94893e-03 7.01256e-08 1.66437e-05 1.46905e-07 3.44007e-05 2.70342e-05 3.26566e-05 6.65271e-06 2.53078e-05 
1.14337e-05 8.99062e-06 2.34804e-05 1.16031e-05 9.55835e-06 4.45456e-07 1.01120e-05 7.01256e-08 3.38064e-03 7.54379e-05 3.83531e-05 5.04935e-05 4.45250e-05 9.59091e-08 6.32651e-06 2.52184e-07 
1.23988e-04 2.16885e-04 1.73124e-05 7.78858e-03 3.98325e-05 1.09065e-04 3.69080e-03 1.66437e-05 7.54379e-05 2.49636e-01 1.27129e-04 5.19226e-03 1.86607e-03 1.04673e-04 7.82529e-04 7.60313e-05 
4.78969e-06 1.04792e-06 6.52105e-05 1.42364e-05 1.85212e-06 1.96891e-07 9.88490e-05 1.46905e-07 3.83531e-05 1.27129e-04 2.27812e-03 6.69988e-05 1.69672e-05 9.14029e-07 5.17414e-05 6.30329e-07 
2.30236e-05 4.17467e-05 1.60166e-05 2.64400e-03 7.42701e-06 4.77657e-06 1.05392e-03 3.44007e-05 5.04935e-05 5.19226e-03 6.69988e-05 6.43513e-02 4.05900e-04 8.96123e-05 3.96570e-04 1.14946e-04 
1.10323e-04 2.73999e-05 1.64171e-05 1.92545e-03 1.38493e-04 9.94044e-06 8.23657e-03 2.70342e-05 4.45250e-05 1.86607e-03 1.69672e-05 4.05900e-04 1.43423e-01 7.52915e-05 2.78670e-03 2.09771e-04 
6.83226e-07 4.33348e-06 1.37477e-06 2.10884e-05 6.06421e-07 8.08186e-06 2.59632e-05 3.26566e-05 9.59091e-08 1.04673e-04 9.14029e-07 8.96123e-05 7.52915e-05 9.03299e-04 1.98417e-05 7.02694e-05 
1.90307e-05 7.62968e-06 5.85573e-05 4.89888e-04 4.31434e-05 4.23093e-06 6.42122e-03 6.65271e-06 6.32651e-06 7.82529e-04 5.17414e-05 3.96570e-04 2.78670e-03 1.98417e-05 6.17797e-02 9.06710e-05 
5.23859e-06 6.07185e-06 3.41824e-06 2.84876e-04 3.96475e-06 1.11923e-05 1.38227e-04 2.53078e-05 2.52184e-07 7.60313e-05 6.30329e-07 1.14946e-04 2.09771e-04 7.02694e-05 9.06710e-05 3.64927e-03 

