RIBOSUM

	A	C	G	U
A	2.22
C	-1.84	1.11
G	-1.45	-2.50	1.05
U	-1.38	-0.96	-1.76	1.66


	AA	AC	AG	AU	CA	CC	CG	CU	GA	GC	GG	GU	UA	UC	UG	UU
AA	-2.09
AC	-8.97	-1.88
AG	-8.46	-9.78	-1.90
AU	-4.97	-2.19	-5.92	4.47
CA	-9.00	-10.57	-10.90	-5.71	-2.43
CC	-12.02	-9.10	-13.64	-6.27	-10.27	-2.77
CG	-4.67	-5.83	-4.83	1.67	-3.29	-4.76	5.42
CU	-11.05	-10.65	-8.81	-4.97	-7.74	-5.65	-4.60	-0.85
GA	-7.19	-9.78	-7.64	-5.90	-7.31	-12.64	-4.05	-7.45	-1.09
GC	-5.25	-3.74	-5.30	2.66	-5.62	-3.67	2.10	-5.61	-4.29	5.67
GG	-8.46	-9.22	-5.34	-5.65	-11.19	-12.80	-4.76	-12.23	-6.30	-3.77	-1.97
GU	-6.27	-5.45	-6.84	0.61	-7.28	-7.54	-0.34	-5.70	-6.41	1.26	-6.08	3.43
UA	-4.12	-5.72	-6.39	1.52	-2.90	-6.52	2.75	-4.53	-5.28	1.55	-6.08	-0.70	4.91
UC	-10.16	-8.10	-8.26	-4.94	-8.05	-7.58	-5.38	-3.84	-6.43	-4.34	-11.59	-5.44	-3.04	-3.30
UG	-6.29	-7.19	-5.79	-0.65	-5.50	-8.18	1.25	-7.44	-7.21	-0.06	-4.80	-2.17	0.94	-6.28	3.24
UU	-8.75	-7.31	-10.19	-3.23	-8.20	-5.48	-3.60	-4.37	-10.02	-3.75	-11.10	-4.51	-3.50	-5.73	-4.69	-0.15


BASE FREQUENCIES
2.56613e-01 2.21204e-01 2.98744e-01 2.23439e-01 

BASE PAIR FREQUENCIES
2.08497e-03 2.15667e-03 2.67194e-03 1.30909e-01 
1.84460e-03 9.90653e-04 2.59277e-01 2.21894e-03 
4.19439e-03 2.83420e-01 3.42399e-03 7.23841e-02 
1.56596e-01 1.36767e-03 7.25397e-02 3.92051e-03 


BASE MATCH FREQUENCIES
3.06576e-01 1.58035e-02 2.80649e-02 2.20707e-02 1.58035e-02 1.05948e-01 1.16486e-02 2.54050e-02 2.80649e-02 1.16486e-02 1.84505e-01 1.97611e-02 2.20707e-02 2.54050e-02 1.97611e-02 1.57464e-01 

BASE PAIR MATCH FREQUENCIES
1.02095e-03 7.47710e-06 1.43349e-05 1.20118e-04 7.31591e-06 7.75064e-07 1.70850e-04 1.53735e-06 3.45078e-05 1.14213e-04 1.66773e-05 5.69498e-05 2.17890e-04 2.83519e-06 5.60603e-05 7.65712e-06 
7.47710e-06 8.78323e-04 4.96451e-06 7.15034e-04 2.12635e-06 5.05409e-06 6.57408e-05 1.74906e-06 4.94284e-06 2.80914e-04 8.47536e-06 8.68235e-05 6.16622e-05 1.01929e-05 2.60071e-05 1.79148e-05 
1.43349e-05 4.96451e-06 1.57573e-03 7.26265e-05 2.28246e-06 2.94409e-07 1.78216e-04 8.43332e-06 2.94487e-05 1.28178e-04 1.68439e-04 4.45791e-05 5.22731e-05 1.24010e-05 9.23078e-05 3.28035e-06 
1.20118e-04 7.15034e-04 7.26265e-05 7.28493e-02 6.20073e-05 3.63662e-05 1.20410e-02 9.01927e-05 7.35993e-05 2.39582e-02 1.01585e-04 5.83165e-03 9.40395e-03 9.20371e-05 2.44623e-03 3.05494e-04 
7.31591e-06 2.12635e-06 2.28246e-06 6.20073e-05 5.99794e-04 2.25133e-06 3.83859e-04 1.31131e-05 2.73751e-05 7.64888e-05 2.17310e-06 2.44109e-05 4.36692e-04 1.05861e-05 8.36964e-05 9.66862e-06 
7.75064e-07 5.05409e-06 2.94409e-07 3.63662e-05 2.25133e-06 3.50149e-04 1.18947e-04 4.80373e-05 5.85776e-07 2.53765e-04 6.10334e-07 1.75516e-05 3.06470e-05 1.26446e-05 1.12891e-05 5.48017e-05 
1.70850e-04 6.57408e-05 1.78216e-04 1.20410e-02 3.83859e-04 1.18947e-04 1.87080e-01 1.34758e-04 3.05412e-04 1.86670e-02 2.18174e-04 3.47459e-03 2.54906e-02 7.86991e-05 1.05184e-02 2.71660e-04 
1.53735e-06 1.74906e-06 8.43332e-06 9.01927e-05 1.31131e-05 4.80373e-05 1.34758e-04 1.35103e-03 2.16264e-05 6.70620e-05 9.21370e-07 6.34857e-05 1.22810e-04 1.70735e-04 1.89877e-05 1.19711e-04 
3.45078e-05 4.94284e-06 2.94487e-05 7.35993e-05 2.73751e-05 5.85776e-07 3.05412e-04 2.16264e-05 2.76975e-03 2.58597e-04 8.67562e-05 6.02411e-05 1.13063e-04 4.39044e-05 3.46614e-05 3.68636e-06 
1.14213e-04 2.80914e-04 1.28178e-04 2.39582e-02 7.64888e-05 2.53765e-04 1.86670e-02 6.70620e-05 2.58597e-04 2.21610e-01 4.33418e-04 1.05539e-02 1.10621e-02 1.60765e-04 4.22149e-03 2.44925e-04 
1.66773e-05 8.47536e-06 1.68439e-04 1.01585e-04 2.17310e-06 6.10334e-07 2.18174e-04 9.21370e-07 8.67562e-05 4.33418e-04 2.03800e-03 8.79881e-05 7.55034e-05 1.43479e-06 2.13324e-04 2.03528e-06 
5.69498e-05 8.68235e-05 4.45791e-05 5.83165e-03 2.44109e-05 1.75516e-05 3.47459e-03 6.34857e-05 6.02411e-05 1.05539e-02 8.79881e-05 4.79842e-02 2.34993e-03 7.62597e-05 9.92350e-04 1.46029e-04 
2.17890e-04 6.16622e-05 5.22731e-05 9.40395e-03 4.36692e-04 3.06470e-05 2.54906e-02 1.22810e-04 1.13063e-04 1.10621e-02 7.55034e-05 2.34993e-03 9.90732e-02 3.43810e-04 7.35729e-03 2.53250e-04 
2.83519e-06 1.01929e-05 1.24010e-05 9.20371e-05 1.05861e-05 1.26446e-05 7.86991e-05 1.70735e-04 4.39044e-05 1.60765e-04 1.43479e-06 7.62597e-05 3.43810e-04 2.48550e-04 4.23508e-05 4.64615e-05 
5.60603e-05 2.60071e-05 9.23078e-05 2.44623e-03 8.36964e-05 1.12891e-05 1.05184e-02 1.89877e-05 3.46614e-05 4.22149e-03 2.13324e-04 9.92350e-04 7.35729e-03 4.23508e-05 4.20906e-02 1.29150e-04 
7.65712e-06 1.79148e-05 3.28035e-06 3.05494e-04 9.66862e-06 5.48017e-05 2.71660e-04 1.19711e-04 3.68636e-06 2.44925e-04 2.03528e-06 1.46029e-04 2.53250e-04 4.64615e-05 1.29150e-04 2.25176e-03 

