RIBOSUM

	A	C	G	U
A	1.30
C	-0.49	0.73
G	-0.32	-0.86	0.62
U	-0.40	-0.32	-0.65	0.73


	AA	AC	AG	AU	CA	CC	CG	CU	GA	GC	GG	GU	UA	UC	UG	UU
AA	-4.18
AC	-10.87	-1.55
AG	-10.36	-10.05	-3.01
AU	-4.90	-2.25	-3.11	3.83
CA	-11.61	-12.57	-11.98	-6.09	-4.24
CC	-13.66	-10.38	-12.27	-3.48	-12.16	-3.96
CG	-4.21	-4.46	-3.02	2.29	-3.81	-5.27	5.49
CU	-12.56	-11.01	-9.69	-4.95	-9.85	-7.96	-4.16	-2.82
GA	-10.37	-9.50	-9.43	-4.52	-9.86	-12.26	-4.95	-8.18	-2.16
GC	-5.49	-2.68	-3.16	3.23	-6.06	-4.06	3.22	-2.31	-1.45	5.71
GG	-10.68	-9.90	-3.28	-5.70	-12.23	-13.05	-4.74	-10.75	-7.79	-2.97	-3.11
GU	-7.27	-5.36	-6.62	0.66	-8.01	-8.55	0.58	-2.88	-6.50	1.65	-5.19	2.68
UA	-2.92	-6.14	-2.70	2.02	-2.82	-6.60	3.28	-3.35	-4.34	2.19	-6.49	0.02	4.38
UC	-13.31	-9.97	-9.70	-5.83	-10.32	-10.07	-5.65	-6.07	-8.26	-4.59	-12.13	-5.97	-3.88	-5.57
UG	-4.08	-2.72	-3.66	-1.05	-7.50	-8.65	1.22	-7.80	-8.48	0.00	-5.47	-1.38	0.74	-3.65	2.89
UU	-11.80	-9.10	-9.53	-4.32	-10.13	-8.82	-3.28	-6.95	-11.17	-3.34	-11.68	-2.76	-1.91	-7.32	-2.75	-1.58


BASE FREQUENCIES
2.68772e-01 2.04517e-01 2.74899e-01 2.51812e-01 

BASE PAIR FREQUENCIES
3.17514e-03 2.72854e-03 3.52088e-03 1.60674e-01 
1.62965e-03 1.00905e-03 2.31887e-01 3.16307e-03 
3.62593e-03 2.50542e-01 2.50193e-03 7.51726e-02 
1.75510e-01 1.77033e-03 7.81680e-02 4.92094e-03 


BASE MATCH FREQUENCIES
1.77925e-01 3.92063e-02 5.92294e-02 5.14668e-02 3.92063e-02 6.92248e-02 3.09593e-02 4.11145e-02 5.92294e-02 3.09593e-02 1.15764e-01 4.40211e-02 5.14668e-02 4.11145e-02 4.40211e-02 1.05092e-01 

BASE PAIR MATCH FREQUENCIES
2.88719e-04 2.12097e-06 4.07459e-06 1.63999e-04 1.27019e-06 2.34125e-07 2.18836e-04 6.17207e-07 4.04653e-06 9.05930e-05 3.32378e-06 3.23476e-05 6.44616e-04 3.65534e-07 2.95591e-04 1.28170e-06 
2.12097e-06 1.02835e-03 3.83827e-06 7.79596e-04 4.98169e-07 1.72009e-06 1.40044e-04 1.36827e-06 5.59110e-06 4.81821e-04 4.33270e-06 9.24222e-05 5.28545e-05 2.81515e-06 5.79296e-04 6.35930e-06 
4.07459e-06 3.83827e-06 6.76902e-04 5.80608e-04 1.00488e-06 6.26001e-07 5.12138e-04 4.60981e-06 7.90385e-06 4.63977e-04 5.76171e-04 5.19156e-05 7.71581e-04 4.57333e-06 4.04552e-04 6.31720e-06 
1.63999e-04 7.79596e-04 5.80608e-04 6.50132e-02 5.46060e-05 2.54239e-04 1.86305e-02 1.12377e-04 2.18557e-04 3.56598e-02 9.81336e-05 7.40786e-03 1.85508e-02 6.14327e-05 2.25596e-03 2.15007e-04 
1.27019e-06 4.98169e-07 1.00488e-06 5.46060e-05 1.59463e-04 5.03384e-07 2.20846e-04 3.06314e-06 4.35539e-06 4.64033e-05 8.67395e-07 1.47102e-05 5.27768e-04 2.22053e-06 2.10413e-05 3.11686e-06 
2.34125e-07 1.72009e-06 6.26001e-07 2.54239e-04 5.03384e-07 1.12786e-04 6.09109e-05 8.64183e-06 6.28816e-07 1.40885e-04 3.72854e-07 7.70814e-06 2.90939e-05 2.00473e-06 7.21693e-06 5.86141e-06 
2.18836e-04 1.40044e-04 5.12138e-04 1.86305e-02 2.20846e-04 6.09109e-05 1.42547e-01 1.61480e-04 1.33937e-04 2.95280e-02 1.59130e-04 5.81663e-03 3.69415e-02 5.76332e-05 9.05659e-03 3.67292e-04 
6.17207e-07 1.36827e-06 4.60981e-06 1.12377e-04 3.06314e-06 8.64183e-06 1.61480e-04 3.75807e-04 1.31170e-05 5.84655e-04 2.26024e-06 4.85742e-04 3.41754e-04 3.96097e-05 1.59763e-05 2.64018e-05 
4.04653e-06 5.59110e-06 7.90385e-06 2.18557e-04 4.35539e-06 6.28816e-07 1.33937e-04 1.31170e-05 1.21961e-03 1.51557e-03 2.51528e-05 5.65846e-05 2.46953e-04 1.24500e-05 1.42824e-05 2.03853e-06 
9.05930e-05 4.81821e-04 4.63977e-04 3.56598e-02 4.64033e-05 1.40885e-04 2.95280e-02 5.84655e-04 1.51557e-03 1.66000e-01 5.43840e-04 1.22466e-02 1.73035e-02 1.19851e-04 3.89845e-03 3.53196e-04 
3.32378e-06 4.33270e-06 5.76171e-04 9.81336e-05 8.67395e-07 3.72854e-07 1.59130e-04 2.26024e-06 2.51528e-05 5.43840e-04 6.63170e-04 1.43632e-04 5.68342e-05 8.71140e-07 1.17892e-04 1.45538e-06 
3.23476e-05 9.24222e-05 5.19156e-05 7.40786e-03 1.47102e-05 7.70814e-06 5.81663e-03 4.85742e-04 5.65846e-05 1.22466e-02 1.43632e-04 3.06903e-02 4.74247e-03 5.69158e-05 1.84459e-03 6.46696e-04 
6.44616e-04 5.28545e-05 7.71581e-04 1.85508e-02 5.27768e-04 2.90939e-05 3.69415e-02 3.41754e-04 2.46953e-04 1.73035e-02 5.68342e-05 4.74247e-03 9.53492e-02 2.36430e-04 7.84136e-03 1.14171e-03 
3.65534e-07 2.81515e-06 4.57333e-06 6.14327e-05 2.22053e-06 2.00473e-06 5.76332e-05 3.96097e-05 1.24500e-05 1.19851e-04 8.71140e-07 5.69158e-05 2.36430e-04 5.56923e-05 2.83935e-04 2.04587e-05 
2.95591e-04 5.79296e-04 4.04552e-04 2.25596e-03 2.10413e-05 7.21693e-06 9.05659e-03 1.59763e-05 1.42824e-05 3.89845e-03 1.17892e-04 1.84459e-03 7.84136e-03 2.83935e-04 3.55088e-02 6.50542e-04 
1.28170e-06 6.35930e-06 6.31720e-06 2.15007e-04 3.11686e-06 5.86141e-06 3.67292e-04 2.64018e-05 2.03853e-06 3.53196e-04 1.45538e-06 6.46696e-04 1.14171e-03 2.04587e-05 6.50542e-04 1.34060e-03 

