RIBOSUM

	A	C	G	U
A	2.38
C	-3.55	1.58
G	-3.11	-4.00	1.35
U	-2.96	-1.87	-3.46	1.93


	AA	AC	AG	AU	CA	CC	CG	CU	GA	GC	GG	GU	UA	UC	UG	UU
AA	-0.44
AC	-8.26	-0.72
AG	-6.91	-9.09	-1.36
AU	-4.95	-5.16	-7.12	5.07
CA	-9.77	-11.52	-10.99	-8.39	-1.12
CC	-13.44	-8.51	-12.73	-8.30	-9.95	-1.00
CG	-6.30	-7.50	-5.54	-0.29	-3.88	-5.10	5.87
CU	-13.11	-13.23	-12.45	-5.93	-9.53	-7.80	-4.94	0.22
GA	-9.28	-8.29	-7.87	-8.39	-9.04	-14.19	-8.67	-15.21	-0.83
GC	-4.55	-3.85	-7.95	1.17	-6.90	-4.81	0.15	-7.78	-5.75	5.98
GG	-10.10	-11.56	-6.26	-8.39	-10.96	-13.75	-5.53	-14.31	-7.24	-5.21	-1.96
GU	-7.42	-6.24	-7.90	-0.64	-8.83	-8.97	-1.62	-6.62	-6.91	0.48	-6.62	3.76
UA	-5.19	-7.94	-8.11	-0.90	-4.57	-8.38	1.24	-6.85	-7.04	-0.86	-8.33	-3.11	5.21
UC	-11.75	-8.99	-10.91	-7.72	-12.34	-9.30	-6.64	-6.92	-14.76	-4.69	-12.74	-4.88	-5.21	-2.15
UG	-7.45	-9.14	-7.01	-2.94	-6.31	-9.40	0.77	-8.76	-9.68	-2.14	-6.57	-3.21	-0.58	-7.68	3.67
UU	-9.11	-8.72	-10.27	-3.81	-9.67	-7.45	-4.56	-7.48	-13.67	-5.56	-12.64	-5.12	-4.30	-5.06	-6.15	0.10


BASE FREQUENCIES
2.54649e-01 2.17908e-01 2.86852e-01 2.40591e-01 

BASE PAIR FREQUENCIES
3.83350e-03 2.34365e-03 2.50186e-03 1.44296e-01 
1.98674e-03 1.43491e-03 2.55003e-01 3.43938e-03 
3.26613e-03 2.67446e-01 2.26455e-03 7.60260e-02 
1.55965e-01 1.16829e-03 7.44401e-02 4.58405e-03 


BASE MATCH FREQUENCIES
3.37128e-01 4.74521e-03 8.44512e-03 7.89878e-03 4.74521e-03 1.41629e-01 3.91003e-03 1.43037e-02 8.44512e-03 3.91003e-03 2.10033e-01 6.28849e-03 7.89878e-03 1.43037e-02 6.28849e-03 2.20027e-01 

BASE PAIR MATCH FREQUENCIES
3.09409e-03 1.17787e-05 3.94846e-05 1.28885e-04 4.13057e-06 2.76153e-07 5.13738e-05 3.83455e-07 7.59471e-06 1.72687e-04 4.86278e-06 2.61001e-05 1.08780e-04 9.85924e-07 2.56285e-05 6.77988e-06 
1.17787e-05 1.86820e-03 7.42975e-06 9.48913e-05 1.04692e-06 7.24674e-06 1.91280e-05 3.02271e-07 1.29072e-05 2.41280e-04 1.51154e-06 5.08235e-05 1.38146e-05 5.70482e-06 6.78855e-06 7.63268e-06 
3.94846e-05 7.42975e-06 2.07904e-03 3.22783e-05 1.99031e-06 5.12244e-07 9.82067e-05 6.82712e-07 2.27452e-05 1.84210e-05 7.83318e-05 2.10784e-05 1.62174e-05 1.98370e-06 3.92105e-05 3.41340e-06 
1.28885e-04 9.48913e-05 3.22783e-05 1.26496e-01 1.01128e-05 9.23590e-06 3.14242e-03 5.25552e-05 1.33046e-05 8.61486e-03 1.50408e-05 2.70540e-03 2.01293e-03 1.52452e-05 5.49612e-04 2.52912e-04 
4.13057e-06 1.04692e-06 1.99031e-06 1.01128e-05 1.41379e-03 2.66556e-06 2.35802e-04 3.92350e-06 7.71637e-06 2.91225e-05 2.29695e-06 8.40867e-06 1.43147e-04 5.59397e-07 4.82674e-05 3.95584e-06 
2.76153e-07 7.24674e-06 5.12244e-07 9.23590e-06 2.66556e-06 1.12659e-03 8.67366e-05 1.11354e-05 1.85106e-07 1.05900e-04 2.84017e-07 6.51689e-06 8.72787e-06 3.93879e-06 4.83635e-06 1.57449e-05 
5.13738e-05 1.91280e-05 9.82067e-05 3.14242e-03 2.35802e-04 8.67366e-05 2.28676e-01 1.06901e-04 1.11926e-05 4.33104e-03 1.10990e-04 1.40064e-03 9.06475e-03 3.28756e-05 7.35811e-03 1.53532e-04 
3.83455e-07 3.02271e-07 6.82712e-07 5.25552e-05 3.92350e-06 1.11354e-05 1.06901e-04 3.19142e-03 1.01155e-07 1.48699e-05 2.11951e-07 3.66836e-05 2.79278e-05 2.26985e-05 8.32688e-06 1.70118e-05 
7.59471e-06 1.29072e-05 2.27452e-05 1.33046e-05 7.71637e-06 1.85106e-07 1.11926e-05 1.01155e-07 2.99510e-03 8.45902e-05 3.97887e-05 4.17798e-05 3.39436e-05 1.38354e-07 6.13979e-06 3.24374e-07 
1.72687e-04 2.41280e-04 1.84210e-05 8.61486e-03 2.91225e-05 1.05900e-04 4.33104e-03 1.48699e-05 8.45902e-05 2.45946e-01 1.38853e-04 5.99745e-03 2.11088e-03 1.26726e-04 9.79152e-04 7.66253e-05 
4.86278e-06 1.51154e-06 7.83318e-05 1.50408e-05 2.29695e-06 2.84017e-07 1.10990e-04 2.11951e-07 3.97887e-05 1.38853e-04 1.74228e-03 5.77795e-05 1.56838e-05 6.29310e-07 5.95880e-05 7.44858e-07 
2.61001e-05 5.08235e-05 2.10784e-05 2.70540e-03 8.40867e-06 6.51689e-06 1.40064e-03 3.66836e-05 4.17798e-05 5.99745e-03 5.77795e-05 6.46662e-02 4.91130e-04 1.23105e-04 5.15089e-04 1.15110e-04 
1.08780e-04 1.38146e-05 1.62174e-05 2.01293e-03 1.43147e-04 8.72787e-06 9.06475e-03 2.79278e-05 3.39436e-05 2.11088e-03 1.56838e-05 4.91130e-04 1.38955e-01 8.67486e-05 2.81886e-03 1.80083e-04 
9.85924e-07 5.70482e-06 1.98370e-06 1.52452e-05 5.59397e-07 3.93879e-06 3.28756e-05 2.26985e-05 1.38354e-07 1.26726e-04 6.29310e-07 1.23105e-04 8.67486e-05 6.20489e-04 1.76472e-05 9.06901e-05 
2.56285e-05 6.78855e-06 3.92105e-05 5.49612e-04 4.82674e-05 4.83635e-06 7.35811e-03 8.32688e-06 6.13979e-06 9.79152e-04 5.95880e-05 5.15089e-04 2.81886e-03 1.76472e-05 6.05692e-02 5.63708e-05 
6.77988e-06 7.63268e-06 3.41340e-06 2.52912e-04 3.95584e-06 1.57449e-05 1.53532e-04 1.70118e-05 3.24374e-07 7.66253e-05 7.44858e-07 1.15110e-04 1.80083e-04 9.06901e-05 5.63708e-05 3.59660e-03 

