RIBOSUM

	A	C	G	U
A	1.87
C	-1.08	0.91
G	-0.80	-1.40	0.84
U	-0.87	-0.58	-1.06	1.23


	AA	AC	AG	AU	CA	CC	CG	CU	GA	GC	GG	GU	UA	UC	UG	UU
AA	-3.01
AC	-8.45	-1.62
AG	-8.63	-10.32	-2.63
AU	-4.64	-1.71	-5.77	4.04
CA	-9.61	-10.83	-9.98	-5.34	-3.29
CC	-12.15	-8.21	-13.57	-2.65	-10.48	-3.64
CG	-3.42	-4.75	-3.95	2.18	-2.94	-4.32	5.25
CU	-11.39	-9.03	-8.81	-3.93	-8.36	-5.94	-4.02	-1.52
GA	-7.91	-10.05	-8.38	-4.58	-7.50	-12.19	-4.41	-8.08	-1.80
GC	-4.85	-3.45	-5.40	3.00	-4.61	-3.18	2.96	-2.11	-2.36	5.56
GG	-9.10	-9.55	-4.52	-5.24	-11.34	-12.47	-4.54	-9.56	-6.69	-3.74	-2.12
GU	-5.60	-4.26	-6.54	0.71	-6.37	-6.93	0.46	-4.14	-5.94	1.55	-5.65	3.14
UA	-2.53	-5.16	-2.90	1.87	-2.98	-5.93	3.08	-4.37	-4.61	2.03	-6.03	0.04	4.51
UC	-10.57	-8.29	-8.63	-4.26	-8.71	-7.87	-4.58	-4.75	-7.20	-3.53	-10.98	-4.59	-3.61	-4.28
UG	-3.66	-6.68	-5.99	-0.55	-5.65	-7.52	1.32	-6.35	-6.89	0.34	-4.53	-1.33	0.93	-4.55	3.06
UU	-9.53	-7.44	-10.57	-2.90	-8.38	-6.34	-2.94	-5.21	-10.55	-2.78	-9.64	-3.09	-1.74	-6.55	-3.89	-1.25


BASE FREQUENCIES
2.59262e-01 2.17829e-01 2.91670e-01 2.31240e-01 

BASE PAIR FREQUENCIES
2.59493e-03 2.60342e-03 2.58319e-03 1.37983e-01 
2.18858e-03 1.18207e-03 2.52537e-01 2.85137e-03 
3.96897e-03 2.76435e-01 3.17303e-03 7.22824e-02 
1.60607e-01 1.36728e-03 7.34313e-02 4.21247e-03 


BASE MATCH FREQUENCIES
2.45948e-01 2.68023e-02 4.33619e-02 3.29007e-02 2.68023e-02 8.94646e-02 2.41514e-02 3.37193e-02 4.33619e-02 2.41514e-02 1.52769e-01 3.24573e-02 3.29007e-02 3.37193e-02 3.24573e-02 1.25033e-01 

BASE PAIR MATCH FREQUENCIES
5.59979e-04 1.08416e-05 1.27937e-05 1.61951e-04 4.84209e-06 7.01066e-07 3.98405e-04 1.25939e-06 2.11856e-05 1.48410e-04 1.03877e-05 9.35045e-05 6.98972e-04 2.22308e-06 3.57785e-04 4.85833e-06 
1.08416e-05 1.03677e-03 3.33303e-06 1.03675e-03 1.75283e-06 9.03793e-06 1.33121e-04 5.42405e-06 4.03597e-06 3.28900e-04 6.39271e-06 1.98653e-04 9.47662e-05 9.05806e-06 3.72464e-05 1.73375e-05 
1.27937e-05 3.33303e-06 9.25779e-04 8.28235e-05 4.24027e-06 2.95102e-07 3.11882e-04 8.48819e-06 1.71476e-05 1.13798e-04 2.81007e-04 5.48957e-05 6.07676e-04 9.59554e-06 8.01110e-05 2.66104e-06 
1.61951e-04 1.03675e-03 8.28235e-05 5.91450e-02 8.35636e-05 4.52773e-04 1.72827e-02 1.97938e-04 1.89192e-04 3.04219e-02 1.35120e-04 6.59165e-03 1.31355e-02 1.58048e-04 2.75738e-03 4.28428e-04 
4.84209e-06 1.75283e-06 4.24027e-06 8.35636e-05 3.27140e-04 1.87772e-06 4.66067e-04 8.65183e-06 2.35752e-05 1.47044e-04 1.85902e-06 4.60048e-05 4.29059e-04 6.78937e-06 7.60333e-05 9.04690e-06 
7.01066e-07 9.03793e-06 2.95102e-07 4.52773e-04 1.87772e-06 1.80537e-04 1.50750e-04 3.88896e-05 7.70060e-07 3.33189e-04 7.11636e-07 2.61824e-05 4.67746e-05 1.01896e-05 1.73829e-05 3.13112e-05 
3.98405e-04 1.33121e-04 3.11882e-04 1.72827e-02 4.66067e-04 1.50750e-04 1.53982e-01 1.97409e-04 2.26775e-04 3.13151e-02 2.31556e-04 5.89425e-03 3.23198e-02 1.33553e-04 1.07355e-02 4.42008e-04 
1.25939e-06 5.42405e-06 8.48819e-06 1.97938e-04 8.65183e-06 3.88896e-05 1.97409e-04 8.87485e-04 1.40431e-05 7.40844e-04 5.68347e-06 1.92226e-04 1.45865e-04 9.45487e-05 4.16884e-05 7.28492e-05 
2.11856e-05 4.03597e-06 1.71476e-05 1.89192e-04 2.35752e-05 7.70060e-07 2.26775e-04 1.40431e-05 1.63798e-03 9.38162e-04 6.23463e-05 8.30006e-05 1.85642e-04 2.58323e-05 4.30231e-05 2.70293e-06 
1.48410e-04 3.28900e-04 1.13798e-04 3.04219e-02 1.47044e-04 3.33189e-04 3.13151e-02 7.40844e-04 9.38162e-04 1.89926e-01 4.04290e-04 1.25436e-02 1.55898e-02 2.76575e-04 5.41754e-03 4.95918e-04 
1.03877e-05 6.39271e-06 2.81007e-04 1.35120e-04 1.85902e-06 7.11636e-07 2.31556e-04 5.68347e-06 6.23463e-05 4.04290e-04 1.66071e-03 1.14218e-04 7.80077e-05 2.12209e-06 2.48915e-04 5.69912e-06 
9.35045e-05 1.98653e-04 5.48957e-05 6.59165e-03 4.60048e-05 2.61824e-05 5.89425e-03 1.92226e-04 8.30006e-05 1.25436e-02 1.14218e-04 4.00564e-02 4.14520e-03 1.40981e-04 1.81551e-03 4.22495e-04 
6.98972e-04 9.47662e-05 6.07676e-04 1.31355e-02 4.29059e-04 4.67746e-05 3.23198e-02 1.45865e-04 1.85642e-04 1.55898e-02 7.80077e-05 4.14520e-03 8.18814e-02 2.46928e-04 7.69047e-03 9.58707e-04 
2.22308e-06 9.05806e-06 9.59554e-06 1.58048e-04 6.78937e-06 1.01896e-05 1.33553e-04 9.45487e-05 2.58323e-05 2.76575e-04 2.12209e-06 1.40981e-04 2.46928e-04 1.31051e-04 1.44834e-04 2.86770e-05 
3.57785e-04 3.72464e-05 8.01110e-05 2.75738e-03 7.60333e-05 1.73829e-05 1.07355e-02 4.16884e-05 4.30231e-05 5.41754e-03 2.48915e-04 1.81551e-03 7.69047e-03 1.44834e-04 3.79529e-02 2.42886e-04 
4.85833e-06 1.73375e-05 2.66104e-06 4.28428e-04 9.04690e-06 3.13112e-05 4.42008e-04 7.28492e-05 2.70293e-06 4.95918e-04 5.69912e-06 4.22495e-04 9.58707e-04 2.86770e-05 2.42886e-04 1.20309e-03 

