RIBOSUM

	A	C	G	U
A	1.93
C	-1.14	0.94
G	-0.86	-1.45	0.87
U	-0.95	-0.63	-1.12	1.28


	AA	AC	AG	AU	CA	CC	CG	CU	GA	GC	GG	GU	UA	UC	UG	UU
AA	-2.92
AC	-9.20	-1.90
AG	-8.30	-9.88	-2.48
AU	-4.79	-1.66	-5.99	4.13
CA	-10.02	-10.81	-9.57	-5.54	-3.32
CC	-12.62	-8.67	-13.20	-2.48	-10.33	-3.46
CG	-3.56	-5.05	-4.19	2.10	-3.04	-4.58	5.26
CU	-11.70	-9.29	-8.63	-4.13	-8.07	-6.56	-4.00	-1.53
GA	-8.50	-9.76	-7.96	-4.61	-8.13	-12.35	-4.37	-7.62	-1.64
GC	-5.14	-3.60	-5.40	2.92	-5.12	-3.50	2.86	-2.10	-2.38	5.55
GG	-9.51	-9.55	-4.51	-5.51	-11.11	-12.10	-4.56	-9.30	-6.80	-3.94	-2.13
GU	-6.17	-4.49	-6.84	0.66	-6.70	-7.17	0.37	-4.18	-6.10	1.47	-5.76	3.21
UA	-2.41	-5.42	-2.84	1.85	-3.04	-6.21	3.04	-4.35	-4.63	1.91	-6.18	0.03	4.61
UC	-11.12	-8.49	-8.47	-4.41	-8.43	-8.27	-4.70	-4.52	-7.03	-3.56	-11.22	-4.62	-3.54	-4.09
UG	-3.57	-6.91	-6.08	-0.68	-6.07	-7.87	1.25	-6.48	-7.08	0.23	-4.38	-1.33	0.89	-4.53	3.11
UU	-9.99	-7.73	-10.70	-3.19	-8.44	-6.68	-3.11	-5.06	-10.68	-3.08	-9.65	-2.98	-1.70	-6.41	-4.13	-1.04


BASE FREQUENCIES
2.56939e-01 2.19983e-01 2.94151e-01 2.28927e-01 

BASE PAIR FREQUENCIES
2.48196e-03 2.40870e-03 2.62079e-03 1.35121e-01 
2.08938e-03 1.16208e-03 2.54880e-01 2.83545e-03 
4.09316e-03 2.78856e-01 3.18470e-03 7.28993e-02 
1.58807e-01 1.40176e-03 7.30414e-02 4.11691e-03 


BASE MATCH FREQUENCIES
2.51492e-01 2.56820e-02 4.16555e-02 3.05454e-02 2.56820e-02 9.30160e-02 2.36948e-02 3.26048e-02 4.16555e-02 2.36948e-02 1.57634e-01 3.09864e-02 3.05454e-02 3.26048e-02 3.09864e-02 1.27520e-01 

BASE PAIR MATCH FREQUENCIES
5.75800e-04 6.36203e-06 1.58446e-05 1.40038e-04 3.58193e-06 5.07787e-07 3.62301e-04 1.00201e-06 1.37784e-05 1.20928e-04 7.83737e-06 6.15318e-05 7.29460e-04 1.49532e-06 3.74725e-04 3.39209e-06 
6.36203e-06 8.56588e-04 4.53876e-06 1.04923e-03 1.78206e-06 6.73758e-06 1.10151e-04 4.53775e-06 4.91013e-06 3.01641e-04 6.52953e-06 1.69139e-04 7.76438e-05 7.91624e-06 3.16774e-05 1.39755e-05 
1.58446e-05 4.53876e-06 1.02673e-03 6.97959e-05 5.63626e-06 3.89723e-07 2.67085e-04 9.61972e-06 2.29411e-05 1.15747e-04 2.86473e-04 4.45778e-05 6.22688e-04 1.07063e-05 7.49950e-05 2.38195e-06 
1.40038e-04 1.04923e-03 6.97959e-05 6.06809e-02 7.14217e-05 5.10233e-04 1.62613e-02 1.68821e-04 1.82647e-04 2.89039e-02 1.11721e-04 6.23701e-03 1.25026e-02 1.39449e-04 2.47304e-03 3.38841e-04 
3.58193e-06 1.78206e-06 5.63626e-06 7.14217e-05 3.19653e-04 2.11999e-06 4.43997e-04 1.05928e-05 1.52097e-05 1.04870e-04 2.21106e-06 3.66172e-05 4.03888e-04 8.26636e-06 5.67732e-05 8.50777e-06 
5.07787e-07 6.73758e-06 3.89723e-07 5.10233e-04 2.11999e-06 2.13255e-04 1.31287e-04 2.58530e-05 7.00083e-07 2.76748e-04 9.54690e-07 2.26405e-05 3.84352e-05 7.89192e-06 1.39223e-05 2.46813e-05 
3.62301e-04 1.10151e-04 2.67085e-04 1.62613e-02 4.43997e-04 1.31287e-04 1.59953e-01 2.04094e-04 2.36098e-04 3.04083e-02 2.36925e-04 5.64956e-03 3.12520e-02 1.25500e-04 1.03818e-02 3.91676e-04 
1.00201e-06 4.53775e-06 9.61972e-06 1.68821e-04 1.05928e-05 2.58530e-05 2.04094e-04 8.79613e-04 1.92936e-05 7.59194e-04 6.92015e-06 1.87348e-04 1.45543e-04 1.10463e-04 3.80346e-05 7.91749e-05 
1.37784e-05 4.91013e-06 2.29411e-05 1.82647e-04 1.52097e-05 7.00083e-07 2.36098e-04 1.92936e-05 1.82725e-03 9.40517e-04 5.88610e-05 7.40875e-05 1.79656e-04 2.90729e-05 3.76003e-05 2.41237e-06 
1.20928e-04 3.01641e-04 1.15747e-04 2.89039e-02 1.04870e-04 2.76748e-04 3.04083e-02 7.59194e-04 9.40517e-04 1.95721e-01 3.64860e-04 1.20794e-02 1.43530e-02 2.75377e-04 5.09990e-03 4.01486e-04 
7.83737e-06 6.52953e-06 2.86473e-04 1.11721e-04 2.21106e-06 9.54690e-07 2.36925e-04 6.92015e-06 5.88610e-05 3.64860e-04 1.70969e-03 1.07640e-04 6.99734e-05 1.83147e-06 2.79120e-04 5.64283e-06 
6.15318e-05 1.69139e-04 4.45778e-05 6.23701e-03 3.66172e-05 2.26405e-05 5.64956e-03 1.87348e-04 7.40875e-05 1.20794e-02 1.07640e-04 4.18771e-02 4.05624e-03 1.37852e-04 1.79756e-03 4.47005e-04 
7.29460e-04 7.76438e-05 6.22688e-04 1.25026e-02 4.03888e-04 3.84352e-05 3.12520e-02 1.45543e-04 1.79656e-04 1.43530e-02 6.99734e-05 4.05624e-03 8.45085e-02 2.54861e-04 7.35403e-03 9.49002e-04 
1.49532e-06 7.91624e-06 1.07063e-05 1.39449e-04 8.26636e-06 7.89192e-06 1.25500e-04 1.10463e-04 2.90729e-05 2.75377e-04 1.83147e-06 1.37852e-04 2.54861e-04 1.49207e-04 1.47238e-04 3.09571e-05 
3.74725e-04 3.16774e-05 7.49950e-05 2.47304e-03 5.67732e-05 1.39223e-05 1.03818e-02 3.80346e-05 3.76003e-05 5.09990e-03 2.79120e-04 1.79756e-03 7.35403e-03 1.47238e-04 3.90232e-02 2.01399e-04 
3.39209e-06 1.39755e-05 2.38195e-06 3.38841e-04 8.50777e-06 2.46813e-05 3.91676e-04 7.91749e-05 2.41237e-06 4.01486e-04 5.64283e-06 4.47005e-04 9.49002e-04 3.09571e-05 2.01399e-04 1.33464e-03 

