RIBOSUM

	A	C	G	U
A	1.27
C	-0.63	0.91
G	-0.42	-1.14	0.80
U	-0.51	-0.34	-0.73	0.78


	AA	AC	AG	AU	CA	CC	CG	CU	GA	GC	GG	GU	UA	UC	UG	UU
AA	-5.15
AC	-11.58	-3.04
AG	-10.53	-11.36	-3.59
AU	-5.50	-2.02	-4.99	3.52
CA	-10.62	-11.16	-12.06	-5.65	-4.51
CC	-12.84	-8.80	-12.82	-3.14	-12.01	-3.95
CG	-3.82	-5.67	-1.73	2.43	-2.70	-5.34	5.71
CU	-11.96	-9.97	-5.23	-3.85	-10.34	-4.93	-3.20	-2.62
GA	-6.67	-9.52	-9.26	-4.01	-5.16	-11.67	-4.62	-7.56	-3.37
GC	-3.52	-3.12	-4.06	3.46	-4.12	-3.77	3.17	-2.35	-2.24	6.00
GG	-11.12	-10.82	-5.04	-5.45	-12.02	-11.70	-4.80	-10.76	-7.22	-4.33	-3.77
GU	-7.02	-3.60	-6.34	0.89	-7.02	-6.69	0.71	-3.32	-6.51	1.92	-4.68	2.85
UA	-3.37	-5.99	-3.44	1.84	-2.73	-5.36	3.57	-2.98	-3.47	2.54	-5.87	0.10	3.99
UC	-13.93	-10.68	-10.56	-5.90	-10.62	-10.10	-5.14	-6.88	-9.19	-4.28	-13.07	-5.80	-3.81	-6.44
UG	-4.80	-4.98	-5.15	-0.50	-5.85	-8.84	1.62	-6.44	-7.31	0.31	-5.38	-1.12	1.10	-4.26	2.79
UU	-12.09	-9.16	-10.87	-3.59	-8.16	-8.85	-2.14	-5.39	-10.88	-2.76	-11.46	-3.11	-1.80	-6.21	-2.92	-1.59


BASE FREQUENCIES
2.93830e-01 1.88608e-01 2.55793e-01 2.61768e-01 

BASE PAIR FREQUENCIES
2.84782e-03 2.09972e-03 3.01913e-03 1.77533e-01 
1.94395e-03 8.61819e-04 2.13894e-01 2.68200e-03 
3.32888e-03 2.39758e-01 2.12427e-03 7.04602e-02 
2.01953e-01 1.31935e-03 7.05625e-02 5.61205e-03 


BASE MATCH FREQUENCIES
2.07995e-01 3.57064e-02 5.61787e-02 5.40174e-02 3.57064e-02 6.67398e-02 2.18668e-02 3.89552e-02 5.61787e-02 2.18668e-02 1.13665e-01 4.02568e-02 5.40174e-02 3.89552e-02 4.02568e-02 1.17637e-01 

BASE PAIR MATCH FREQUENCIES
2.09274e-04 1.56491e-06 4.38525e-06 1.47247e-04 3.03350e-06 4.19557e-07 2.95543e-04 1.07062e-06 6.37664e-05 3.62419e-04 2.53780e-06 4.46220e-05 6.41411e-04 2.72952e-07 2.07955e-04 1.36057e-06 
1.56491e-06 3.72193e-04 1.58442e-06 1.04924e-03 1.34425e-06 4.41020e-06 5.25137e-05 2.71977e-06 5.68187e-06 3.07388e-04 2.00447e-06 3.05287e-04 6.69836e-05 1.66708e-06 1.17323e-04 6.65866e-06 
4.38525e-06 1.58442e-06 4.67935e-04 1.82103e-04 9.77920e-07 3.69029e-07 1.09034e-03 9.89055e-05 9.18886e-06 2.16950e-04 1.48963e-04 6.22089e-05 5.31133e-04 2.45176e-06 1.42095e-04 2.74248e-06 
1.47247e-04 1.04924e-03 1.82103e-04 6.76576e-02 8.50373e-05 3.09696e-04 1.99509e-02 2.63501e-04 3.58297e-04 4.09243e-02 1.14775e-04 9.55060e-03 2.11303e-02 6.37300e-05 3.63079e-03 4.36797e-04 
3.03350e-06 1.34425e-06 9.77920e-07 8.50373e-05 1.34623e-04 4.77417e-07 4.12787e-04 2.11201e-06 1.16509e-04 1.54047e-04 8.70359e-07 2.86597e-05 6.42473e-04 1.74185e-06 6.43312e-05 1.33051e-05 
4.19557e-07 4.41020e-06 3.69029e-07 3.09696e-04 4.77417e-07 8.20345e-05 4.24360e-05 5.75654e-05 8.19051e-07 1.25804e-04 7.00952e-07 2.30766e-05 6.65567e-05 1.60352e-06 5.20655e-06 5.28899e-06 
2.95543e-04 5.25137e-05 1.09034e-03 1.99509e-02 4.12787e-04 4.24360e-05 1.22242e-01 2.58997e-04 1.47172e-04 2.09853e-02 1.13558e-04 5.29280e-03 4.39260e-02 6.77087e-05 9.95424e-03 7.48288e-04 
1.07062e-06 2.71977e-06 9.89055e-05 2.63501e-04 2.11201e-06 5.75654e-05 2.58997e-04 3.96885e-04 1.96419e-05 4.67451e-04 1.86144e-06 3.31247e-04 4.79942e-04 2.07660e-05 3.81484e-05 8.06694e-05 
6.37664e-05 5.68187e-06 9.18886e-06 3.58297e-04 1.16509e-04 8.19051e-07 1.47172e-04 1.96419e-05 5.46377e-04 7.69869e-04 3.30492e-05 5.51962e-05 5.20828e-04 6.35107e-06 3.18039e-05 2.74040e-06 
3.62419e-04 3.07388e-04 2.16950e-04 4.09243e-02 1.54047e-04 1.25804e-04 2.09853e-02 4.67451e-04 7.69869e-04 1.48741e-01 1.56921e-04 1.22274e-02 2.16248e-02 1.22568e-04 4.01052e-03 4.87457e-04 
2.53780e-06 2.00447e-06 1.48963e-04 1.14775e-04 8.70359e-07 7.00952e-07 1.13558e-04 1.86144e-06 3.30492e-05 1.56921e-04 3.12783e-04 1.70718e-04 8.62783e-05 3.75741e-07 1.05146e-04 1.58997e-06 
4.46220e-05 3.05287e-04 6.22089e-05 9.55060e-03 2.86597e-05 2.30766e-05 5.29280e-03 3.31247e-04 5.51962e-05 1.22274e-02 1.70718e-04 3.22836e-02 5.51186e-03 5.95163e-05 2.05641e-03 5.32868e-04 
6.41411e-04 6.69836e-05 5.31133e-04 2.11303e-02 6.42473e-04 6.65567e-05 4.39260e-02 4.79942e-04 5.20828e-04 2.16248e-02 8.62783e-05 5.51186e-03 9.39984e-02 2.69934e-04 1.10323e-02 1.51383e-03 
2.72952e-07 1.66708e-06 2.45176e-06 6.37300e-05 1.74185e-06 1.60352e-06 6.77087e-05 2.07660e-05 6.35107e-06 1.22568e-04 3.75741e-07 5.95163e-05 2.69934e-04 2.81526e-05 1.72950e-04 4.56254e-05 
2.07955e-04 1.17323e-04 1.42095e-04 3.63079e-03 6.43312e-05 5.20655e-06 9.95424e-03 3.81484e-05 3.18039e-05 4.01052e-03 1.05146e-04 2.05641e-03 1.10323e-02 1.72950e-04 3.11104e-02 6.07932e-04 
1.36057e-06 6.65866e-06 2.74248e-06 4.36797e-04 1.33051e-05 5.28899e-06 7.48288e-04 8.06694e-05 2.74040e-06 4.87457e-04 1.58997e-06 5.32868e-04 1.51383e-03 4.56254e-05 6.07932e-04 1.56356e-03 

