RIBOSUM

	A	C	G	U
A	2.17
C	-1.89	1.22
G	-1.55	-2.32	1.13
U	-1.51	-0.86	-1.84	1.58


	AA	AC	AG	AU	CA	CC	CG	CU	GA	GC	GG	GU	UA	UC	UG	UU
AA	-1.34
AC	-5.92	-1.08
AG	-8.69	-9.79	-2.11
AU	-5.09	-2.77	-6.50	4.64
CA	-9.61	-10.64	-11.50	-5.99	-1.35
CC	-10.91	-5.67	-13.68	-6.06	-10.22	-1.93
CG	-4.77	-5.23	-4.60	1.38	-2.49	-5.15	5.55
CU	-10.93	-9.46	-8.47	-5.67	-7.37	-4.88	-3.75	-0.23
GA	-8.76	-9.08	-8.12	-6.24	-7.91	-11.96	-4.00	-6.91	-0.93
GC	-3.99	-3.60	-5.12	2.49	-5.67	-3.40	1.92	-4.53	-4.15	5.75
GG	-9.69	-9.10	-4.74	-6.56	-11.85	-12.90	-4.14	-12.14	-6.63	-4.33	-2.13
GU	-6.90	-5.04	-6.63	0.40	-7.81	-7.52	-0.43	-4.83	-6.09	1.22	-6.29	3.41
UA	-3.58	-5.85	-6.43	1.39	-2.85	-5.89	2.55	-4.21	-4.46	1.28	-6.82	-1.13	4.90
UC	-10.99	-8.40	-8.32	-5.41	-8.88	-7.26	-4.65	-4.62	-6.84	-3.34	-9.64	-4.74	-3.36	-3.76
UG	-5.94	-7.54	-5.55	-1.11	-6.01	-8.75	1.14	-6.53	-7.17	-0.29	-4.85	-2.42	0.63	-6.51	3.36
UU	-8.98	-6.23	-10.04	-3.47	-7.83	-6.80	-3.09	-3.67	-11.46	-2.60	-11.57	-4.03	-3.46	-4.92	-5.14	-0.43


BASE FREQUENCIES
2.55331e-01 2.18356e-01 2.88069e-01 2.38243e-01 

BASE PAIR FREQUENCIES
2.97319e-03 2.65302e-03 2.31484e-03 1.43064e-01 
2.58689e-03 1.27673e-03 2.48697e-01 3.56378e-03 
4.03081e-03 2.70059e-01 2.84000e-03 7.35480e-02 
1.61616e-01 1.49165e-03 7.44859e-02 4.79918e-03 


BASE MATCH FREQUENCIES
2.92495e-01 1.50862e-02 2.51807e-02 2.13333e-02 1.50862e-02 1.11300e-01 1.25939e-02 2.86536e-02 2.51807e-02 1.25939e-02 1.82001e-01 1.91320e-02 2.13333e-02 2.86536e-02 1.91320e-02 1.70244e-01 

BASE PAIR MATCH FREQUENCIES
1.67871e-03 5.99231e-05 1.16128e-05 1.16677e-04 4.64946e-06 1.61553e-06 1.50498e-04 1.74058e-06 1.10351e-05 2.58318e-04 6.56966e-06 3.74524e-05 3.32566e-04 1.66821e-06 7.28223e-05 7.31344e-06 
5.99231e-05 1.47487e-03 4.64593e-06 4.97497e-04 1.94918e-06 5.21223e-05 9.32242e-05 4.13222e-06 7.56951e-06 2.90045e-04 8.41945e-06 1.16596e-04 5.85967e-05 8.56456e-06 2.05398e-05 4.22363e-05 
1.16128e-05 4.64593e-06 1.25420e-03 4.94331e-05 1.41360e-06 2.67595e-07 1.90672e-04 1.08218e-05 1.95007e-05 1.33126e-04 2.28890e-04 5.10234e-05 5.17668e-05 1.19357e-05 1.07989e-04 3.96930e-06 
1.16677e-04 4.97497e-04 4.94331e-05 9.21327e-02 5.33976e-05 4.33332e-05 9.97137e-03 6.22152e-05 5.93688e-05 2.15380e-02 5.34680e-05 5.51491e-03 9.68781e-03 7.45240e-05 1.92964e-03 3.10815e-04 
4.64946e-06 1.94918e-06 1.41360e-06 5.33976e-05 1.21936e-03 2.23466e-06 6.25181e-04 1.75258e-05 1.70715e-05 6.87472e-05 1.25022e-06 1.71022e-05 4.71567e-04 6.16920e-06 5.92903e-05 1.38610e-05 
1.61553e-06 5.21223e-05 2.67595e-07 4.33332e-05 2.23466e-06 5.95414e-04 8.45565e-05 8.42135e-05 8.78373e-07 2.84389e-04 5.18358e-07 1.78506e-05 4.88812e-05 1.62059e-05 7.59858e-06 2.42547e-05 
1.50498e-04 9.32242e-05 1.90672e-04 9.97137e-03 6.25181e-04 8.45565e-05 1.85757e-01 2.42778e-04 2.89610e-04 1.49602e-02 2.96479e-04 3.21160e-03 2.24268e-02 1.29898e-04 9.48849e-03 4.17928e-04 
1.74058e-06 4.13222e-06 1.08218e-05 6.22152e-05 1.75258e-05 8.42135e-05 2.42778e-04 2.30616e-03 3.18130e-05 1.41425e-04 9.59400e-07 1.25484e-04 1.70534e-04 1.09883e-04 3.87046e-05 2.31201e-04 
1.10351e-05 7.56951e-06 1.95007e-05 5.93688e-05 1.70715e-05 8.78373e-07 2.89610e-04 3.18130e-05 2.83766e-03 2.60806e-04 6.15391e-05 7.42520e-05 2.03940e-04 3.35100e-05 3.49360e-05 1.47813e-06 
2.58318e-04 2.90045e-04 1.33126e-04 2.15380e-02 6.87472e-05 2.84389e-04 1.49602e-02 1.41425e-04 2.60806e-04 2.13213e-01 2.59884e-04 1.00343e-02 9.30028e-03 3.23684e-04 3.53277e-03 5.88557e-04 
6.56966e-06 8.41945e-06 2.28890e-04 5.34680e-05 1.25022e-06 5.18358e-07 2.96479e-04 9.59400e-07 6.15391e-05 2.59884e-04 1.57571e-03 7.27110e-05 4.47621e-05 5.39532e-06 1.97758e-04 1.55379e-06 
3.74524e-05 1.16596e-04 5.10234e-05 5.51491e-03 1.71022e-05 1.78506e-05 3.21160e-03 1.25484e-04 7.42520e-05 1.00343e-02 7.27110e-05 5.00563e-02 1.90308e-03 1.33712e-04 8.80970e-04 2.38814e-04 
3.32566e-04 5.85967e-05 5.17668e-05 9.68781e-03 4.71567e-04 4.88812e-05 2.24268e-02 1.70534e-04 2.03940e-04 9.30028e-03 4.47621e-05 1.90308e-03 1.10643e-01 3.08495e-04 6.47231e-03 3.14055e-04 
1.66821e-06 8.56456e-06 1.19357e-05 7.45240e-05 6.16920e-06 1.62059e-05 1.29898e-04 1.09883e-04 3.35100e-05 3.23684e-04 5.39532e-06 1.33712e-04 3.08495e-04 1.99581e-04 3.91652e-05 9.72255e-05 
7.28223e-05 2.05398e-05 1.07989e-04 1.92964e-03 5.92903e-05 7.59858e-06 9.48849e-03 3.87046e-05 3.49360e-05 3.53277e-03 1.97758e-04 8.80970e-04 6.47231e-03 3.91652e-05 4.83583e-02 1.10663e-04 
7.31344e-06 4.22363e-05 3.96930e-06 3.10815e-04 1.38610e-05 2.42547e-05 4.17928e-04 2.31201e-04 1.47813e-06 5.88557e-04 1.55379e-06 2.38814e-04 3.14055e-04 9.72255e-05 1.10663e-04 2.38981e-03 

