RIBOSUM

	A	C	G	U
A	2.31
C	-4.25	1.78
G	-3.89	-4.65	1.48
U	-3.51	-2.55	-4.20	1.92


	AA	AC	AG	AU	CA	CC	CG	CU	GA	GC	GG	GU	UA	UC	UG	UU
AA	-0.21
AC	-8.15	-0.32
AG	-7.31	-9.21	-1.11
AU	-5.33	-5.22	-8.02	5.14
CA	-9.54	-11.60	-10.90	-9.58	-0.80
CC	-13.95	-8.56	-14.34	-9.45	-10.71	-0.47
CG	-7.42	-8.51	-5.50	-1.91	-4.05	-5.37	6.03
CU	-14.33	-14.15	-13.41	-6.03	-10.62	-6.81	-5.57	0.33
GA	-8.75	-13.08	-9.46	-9.44	-10.12	-15.48	-9.74	-16.12	-0.73
GC	-5.96	-3.84	-8.46	-0.09	-8.31	-4.72	-1.26	-8.05	-6.23	6.15
GG	-9.98	-11.34	-7.08	-8.78	-9.90	-14.58	-5.82	-14.74	-8.98	-4.78	-1.60
GU	-8.35	-6.84	-8.92	-1.45	-9.99	-9.81	-3.33	-6.71	-6.71	-0.05	-6.46	3.87
UA	-5.77	-8.76	-9.10	-2.34	-4.50	-8.85	-0.04	-8.46	-7.72	-2.45	-9.07	-4.52	5.25
UC	-11.85	-9.24	-11.77	-9.45	-13.10	-6.82	-7.78	-8.45	-15.54	-4.72	-12.93	-6.65	-5.53	-1.30
UG	-8.77	-9.59	-6.46	-4.45	-6.67	-10.43	-0.08	-9.90	-9.98	-3.55	-6.60	-4.84	-1.55	-8.13	3.82
UU	-11.63	-9.39	-10.32	-4.70	-10.73	-10.23	-5.66	-6.48	-15.99	-6.38	-13.23	-5.81	-4.58	-5.47	-5.56	0.32


BASE FREQUENCIES
2.62191e-01 2.13715e-01 2.76957e-01 2.47137e-01 

BASE PAIR FREQUENCIES
4.59283e-03 2.95361e-03 2.75454e-03 1.56268e-01 
2.28080e-03 1.77462e-03 2.38874e-01 3.73662e-03 
3.35567e-03 2.57590e-01 2.38854e-03 7.46835e-02 
1.68129e-01 1.54292e-03 7.36350e-02 5.44125e-03 


BASE MATCH FREQUENCIES
3.40602e-01 2.94524e-03 4.89659e-03 5.68696e-03 2.94524e-03 1.56758e-01 2.35950e-03 9.01540e-03 4.89659e-03 2.35950e-03 2.14433e-01 3.73559e-03 5.68696e-03 9.01540e-03 3.73559e-03 2.30928e-01 

BASE PAIR MATCH FREQUENCIES
4.09055e-03 1.35450e-05 3.14110e-05 1.10699e-04 5.18545e-06 1.98547e-07 2.38196e-05 1.76895e-07 1.15697e-05 6.51923e-05 5.23327e-06 1.44382e-05 8.18462e-05 9.81392e-07 1.07958e-05 1.32673e-06 
1.35450e-05 2.51163e-03 6.85565e-06 9.76603e-05 1.00910e-06 6.78190e-06 9.10092e-06 1.62706e-07 4.69868e-07 2.31893e-04 1.66181e-06 3.34856e-05 8.39940e-06 4.89268e-06 4.96918e-06 5.11721e-06 
3.14110e-05 6.85565e-06 2.44259e-03 1.80812e-05 2.13237e-06 1.59567e-07 9.46669e-05 3.53338e-07 7.46759e-06 1.21838e-05 4.12312e-05 1.02619e-05 8.60193e-06 1.09676e-06 5.66425e-05 3.46143e-06 
1.10699e-04 9.76603e-05 1.80812e-05 1.48268e-01 4.73183e-06 4.23066e-06 1.01817e-03 5.23388e-05 6.78381e-06 3.60829e-03 1.13236e-05 1.62687e-03 8.29523e-04 4.87880e-06 2.02451e-04 1.52698e-04 
5.18545e-06 1.00910e-06 2.13237e-06 4.73183e-06 1.80604e-03 1.52654e-06 2.00293e-04 1.87976e-06 3.65042e-06 1.04547e-05 4.49913e-06 3.76766e-06 1.60633e-04 3.36794e-07 3.77609e-05 2.01932e-06 
1.98547e-07 6.78190e-06 1.59567e-07 4.23066e-06 1.52654e-06 1.50762e-03 6.51835e-05 2.15540e-05 7.26663e-08 1.02484e-04 1.43197e-07 3.48882e-06 6.41321e-06 2.13030e-05 2.25893e-06 2.31650e-06 
2.38196e-05 9.10092e-06 9.46669e-05 1.01817e-03 2.00293e-04 6.51835e-05 2.28267e-01 6.59804e-05 5.04172e-06 1.46529e-03 8.03049e-05 4.03725e-04 3.72180e-03 1.42088e-05 3.84206e-03 7.15876e-05 
1.76895e-07 1.62706e-07 3.53338e-07 5.23388e-05 1.87976e-06 2.15540e-05 6.59804e-05 3.51084e-03 5.39002e-08 1.18190e-05 1.48452e-07 3.46349e-05 9.68540e-06 7.95320e-06 3.78396e-06 3.60971e-05 
1.15697e-05 4.69868e-07 7.46759e-06 6.78381e-06 3.65042e-06 7.26663e-08 5.04172e-06 5.39002e-08 3.18661e-03 5.71634e-05 1.10213e-05 4.73523e-05 2.23779e-05 8.03697e-08 4.91991e-06 6.79221e-08 
6.51923e-05 2.31893e-04 1.21838e-05 3.60829e-03 1.04547e-05 1.02484e-04 1.46529e-03 1.18190e-05 5.71634e-05 2.48120e-01 1.65217e-04 3.92578e-03 7.04164e-04 1.18827e-04 3.46097e-04 4.34075e-05 
5.23327e-06 1.66181e-06 4.12312e-05 1.13236e-05 4.49913e-06 1.43197e-07 8.03049e-05 1.48452e-07 1.10213e-05 1.65217e-04 1.94706e-03 5.96582e-05 9.23768e-06 5.19959e-07 5.42128e-05 4.86904e-07 
1.44382e-05 3.34856e-05 1.02619e-05 1.62687e-03 3.76766e-06 3.48882e-06 4.03725e-04 3.46349e-05 4.73523e-05 3.92578e-03 5.96582e-05 6.82733e-02 1.92862e-04 3.60477e-05 1.63759e-04 7.44689e-05 
8.18462e-05 8.39940e-06 8.60193e-06 8.29523e-04 1.60633e-04 6.41321e-06 3.72180e-03 9.68540e-06 2.23779e-05 7.04164e-04 9.23768e-06 1.92862e-04 1.60074e-01 7.38712e-05 1.51806e-03 1.65535e-04 
9.81392e-07 4.89268e-06 1.09676e-06 4.87880e-06 3.36794e-07 2.13030e-05 1.42088e-05 7.95320e-06 8.03697e-08 1.18827e-04 5.19959e-07 3.60477e-05 7.38712e-05 1.13256e-03 1.29024e-05 7.27540e-05 
1.07958e-05 4.96918e-06 5.66425e-05 2.02451e-04 3.77609e-05 2.25893e-06 3.84206e-03 3.78396e-06 4.91991e-06 3.46097e-04 5.42128e-05 1.63759e-04 1.51806e-03 1.29024e-05 6.62834e-02 8.84915e-05 
1.32673e-06 5.11721e-06 3.46143e-06 1.52698e-04 2.01932e-06 2.31650e-06 7.15876e-05 3.60971e-05 6.79221e-08 4.34075e-05 4.86904e-07 7.44689e-05 1.65535e-04 7.27540e-05 8.84915e-05 4.65308e-03 

