RIBOSUM

	A	C	G	U
A	2.31
C	-2.07	1.19
G	-1.70	-2.71	1.10
U	-1.65	-1.10	-2.00	1.75


	AA	AC	AG	AU	CA	CC	CG	CU	GA	GC	GG	GU	UA	UC	UG	UU
AA	-1.85
AC	-9.02	-1.96
AG	-8.76	-9.65	-1.72
AU	-5.24	-2.52	-6.36	4.61
CA	-10.15	-11.16	-11.13	-6.30	-2.46
CC	-13.81	-9.80	-13.75	-6.73	-10.82	-2.51
CG	-5.35	-6.02	-5.06	1.56	-3.66	-5.12	5.42
CU	-11.66	-10.09	-8.05	-5.60	-7.91	-6.26	-4.78	-0.81
GA	-8.59	-8.51	-7.85	-6.44	-8.58	-11.94	-3.96	-6.43	-0.92
GC	-5.30	-3.97	-5.88	2.53	-6.02	-4.27	1.95	-6.29	-4.14	5.63
GG	-9.41	-8.62	-5.62	-6.41	-11.51	-13.07	-4.62	-12.54	-6.33	-4.06	-2.00
GU	-6.71	-4.85	-6.99	0.32	-7.90	-8.16	-0.50	-5.77	-6.48	1.11	-5.91	3.53
UA	-4.65	-6.11	-6.42	1.45	-3.24	-6.92	2.60	-4.10	-5.26	1.40	-6.46	-0.89	5.04
UC	-11.52	-8.65	-8.19	-5.90	-8.44	-8.44	-5.83	-4.04	-6.43	-4.73	-12.21	-5.19	-2.89	-3.56
UG	-6.38	-7.53	-6.00	-0.85	-6.33	-8.55	1.07	-7.53	-7.54	-0.19	-4.60	-2.24	0.87	-6.43	3.34
UU	-9.96	-7.55	-10.06	-3.81	-8.43	-6.87	-3.70	-4.61	-11.36	-3.99	-11.27	-4.91	-3.73	-5.07	-4.64	-0.03


BASE FREQUENCIES
2.52405e-01 2.24305e-01 3.01786e-01 2.21504e-01 

BASE PAIR FREQUENCIES
1.92520e-03 1.93142e-03 2.70232e-03 1.27820e-01 
1.53496e-03 9.04121e-04 2.62808e-01 2.24504e-03 
4.38968e-03 2.85313e-01 3.35416e-03 7.35432e-02 
1.53789e-01 1.25511e-03 7.27700e-02 3.71607e-03 


BASE MATCH FREQUENCIES
3.15604e-01 1.34382e-02 2.33690e-02 1.77597e-02 1.34382e-02 1.14598e-01 1.03106e-02 2.32485e-02 2.33690e-02 1.03106e-02 1.94683e-01 1.66571e-02 1.77597e-02 2.32485e-02 1.66571e-02 1.65548e-01 

BASE PAIR MATCH FREQUENCIES
1.12740e-03 6.96483e-06 1.12312e-05 9.40970e-05 3.17333e-06 2.23567e-07 1.05906e-04 9.75889e-07 1.26175e-05 1.09830e-04 8.54263e-06 4.06722e-05 1.42217e-04 1.07912e-06 5.10468e-05 3.12887e-06 
6.96483e-06 8.24634e-04 5.36497e-06 5.51222e-04 1.40273e-06 3.18718e-06 5.88762e-05 2.58393e-06 1.18295e-05 2.44067e-04 1.30790e-05 1.31133e-04 4.58659e-05 6.99134e-06 2.04526e-05 1.48619e-05 
1.12312e-05 5.36497e-06 1.76374e-03 5.17380e-05 1.93003e-06 2.78303e-07 1.54776e-04 1.42703e-05 2.52006e-05 8.73751e-05 1.40600e-04 4.01168e-05 4.96222e-05 1.29382e-05 7.95310e-05 3.50946e-06 
9.40970e-05 5.51222e-04 5.17380e-05 7.62319e-02 4.02085e-05 2.64617e-05 1.11875e-02 5.70825e-05 4.90431e-05 2.17864e-02 5.98635e-05 4.65447e-03 8.51101e-03 4.65711e-05 2.07118e-03 1.94926e-04 
3.17333e-06 1.40273e-06 1.93003e-06 4.02085e-05 5.82535e-04 1.57836e-06 3.03756e-04 1.16715e-05 1.12917e-05 5.91211e-05 1.77015e-06 1.58562e-05 3.35535e-04 8.12281e-06 4.70430e-05 8.07036e-06 
2.23567e-07 3.18718e-06 2.78303e-07 2.64617e-05 1.57836e-06 4.44860e-04 9.80685e-05 3.26199e-05 9.74921e-07 1.76658e-04 5.32276e-07 1.17747e-05 2.31885e-05 7.21122e-06 8.94452e-06 2.10973e-05 
1.05906e-04 5.88762e-05 1.54776e-04 1.11875e-02 3.03756e-04 9.80685e-05 1.96174e-01 1.22601e-04 3.31201e-04 1.77160e-02 2.50838e-04 3.18861e-03 2.29515e-02 5.91747e-05 9.49283e-03 2.55236e-04 
9.75889e-07 2.58393e-06 1.42703e-05 5.70825e-05 1.16715e-05 3.26199e-05 1.22601e-04 1.40402e-03 4.38864e-05 4.30428e-05 7.59795e-07 6.09845e-05 1.61667e-04 1.49975e-04 1.80219e-05 1.00149e-04 
1.26175e-05 1.18295e-05 2.52006e-05 4.90431e-05 1.12917e-05 9.74921e-07 3.31201e-04 4.38864e-05 3.06372e-03 2.92576e-04 8.63310e-05 5.70485e-05 1.10887e-04 4.37486e-05 2.72839e-05 1.42308e-06 
1.09830e-04 2.44067e-04 8.73751e-05 2.17864e-02 5.91211e-05 1.76658e-04 1.77160e-02 4.30428e-05 2.92576e-04 2.26966e-01 3.69989e-04 9.74130e-03 9.95405e-03 1.27163e-04 3.97914e-03 2.09180e-04 
8.54263e-06 1.30790e-05 1.40600e-04 5.98635e-05 1.77015e-06 5.32276e-07 2.50838e-04 7.59795e-07 8.63310e-05 3.69989e-04 2.07476e-03 1.01389e-04 5.78907e-05 9.55806e-07 2.50610e-04 1.81013e-06 
4.06722e-05 1.31133e-04 4.01168e-05 4.65447e-03 1.58562e-05 1.17747e-05 3.18861e-03 6.09845e-05 5.70485e-05 9.74130e-03 1.01389e-04 5.17423e-02 2.01358e-03 9.09874e-05 9.44705e-04 1.09171e-04 
1.42217e-04 4.58659e-05 4.96222e-05 8.51101e-03 3.35535e-04 2.31885e-05 2.29515e-02 1.61667e-04 1.10887e-04 9.95405e-03 5.78907e-05 2.01358e-03 1.02901e-01 3.74007e-04 6.82522e-03 2.06714e-04 
1.07912e-06 6.99134e-06 1.29382e-05 4.65711e-05 8.12281e-06 7.21122e-06 5.91747e-05 1.49975e-04 4.37486e-05 1.27163e-04 9.55806e-07 9.09874e-05 3.74007e-04 2.08703e-04 3.85889e-05 7.26930e-05 
5.10468e-05 2.04526e-05 7.95310e-05 2.07118e-03 4.70430e-05 8.94452e-06 9.49283e-03 1.80219e-05 2.72839e-05 3.97914e-03 2.50610e-04 9.44705e-04 6.82522e-03 3.85889e-05 4.53379e-02 1.31526e-04 
3.12887e-06 1.48619e-05 3.50946e-06 1.94926e-04 8.07036e-06 2.10973e-05 2.55236e-04 1.00149e-04 1.42308e-06 2.09180e-04 1.81013e-06 1.09171e-04 2.06714e-04 7.26930e-05 1.31526e-04 2.35145e-03 

