RIBOSUM

	A	C	G	U
A	2.30
C	-2.37	1.33
G	-2.01	-2.87	1.20
U	-2.04	-1.17	-2.31	1.79


	AA	AC	AG	AU	CA	CC	CG	CU	GA	GC	GG	GU	UA	UC	UG	UU
AA	-0.93
AC	-8.94	-1.22
AG	-8.53	-9.73	-1.71
AU	-5.45	-3.19	-6.41	4.83
CA	-9.79	-11.00	-11.30	-6.78	-1.51
CC	-13.78	-8.40	-13.27	-7.29	-10.17	-1.46
CG	-5.67	-6.09	-4.91	1.08	-3.38	-5.16	5.60
CU	-11.04	-11.43	-8.15	-6.20	-8.03	-6.61	-4.86	-0.13
GA	-9.12	-8.64	-8.77	-7.32	-8.81	-12.08	-4.27	-6.41	-0.86
GC	-5.32	-3.96	-6.55	2.14	-5.85	-4.33	1.60	-7.08	-4.42	5.77
GG	-10.04	-9.10	-5.24	-7.26	-11.91	-13.23	-4.62	-12.78	-6.81	-4.40	-2.08
GU	-7.17	-5.76	-7.19	0.11	-8.27	-8.34	-0.99	-6.84	-6.77	0.93	-6.14	3.58
UA	-4.87	-6.51	-6.87	0.81	-3.79	-7.37	2.24	-4.57	-5.43	0.84	-7.04	-1.57	5.11
UC	-11.56	-8.51	-8.42	-6.30	-8.83	-8.35	-5.93	-4.69	-6.71	-4.75	-11.61	-5.09	-3.17	-3.22
UG	-6.84	-7.84	-5.47	-1.42	-6.28	-9.07	0.96	-8.47	-7.90	-0.58	-4.97	-2.60	0.50	-7.22	3.45
UU	-9.89	-7.92	-10.05	-3.78	-7.89	-7.07	-3.82	-4.34	-11.99	-4.02	-11.36	-4.88	-4.02	-4.40	-4.91	-0.07


BASE FREQUENCIES
2.52733e-01 2.21786e-01 2.93756e-01 2.31724e-01 

BASE PAIR FREQUENCIES
2.91795e-03 2.18029e-03 2.47126e-03 1.35739e-01 
2.01022e-03 1.31419e-03 2.57562e-01 3.00321e-03 
4.02970e-03 2.76958e-01 2.85303e-03 7.41317e-02 
1.55815e-01 1.28396e-03 7.35092e-02 4.22045e-03 


BASE MATCH FREQUENCIES
3.14142e-01 1.08319e-02 1.84505e-02 1.42889e-02 1.08319e-02 1.24053e-01 8.89499e-03 2.28154e-02 1.84505e-02 8.89499e-03 1.98288e-01 1.37671e-02 1.42889e-02 2.28154e-02 1.37671e-02 1.85420e-01 

BASE PAIR MATCH FREQUENCIES
2.13789e-03 7.29868e-06 1.28174e-05 8.55925e-05 4.05188e-06 2.22790e-07 8.18916e-05 1.55502e-06 8.53382e-06 1.03999e-04 5.24162e-06 3.02064e-05 1.28300e-04 1.08397e-06 3.80777e-05 3.61410e-06 
7.29868e-06 1.34436e-03 4.88763e-06 3.59545e-04 1.53506e-06 8.18355e-06 5.35963e-05 1.04131e-06 1.04148e-05 2.34073e-04 8.80719e-06 7.04413e-05 3.59253e-05 7.92862e-06 1.67007e-05 1.24037e-05 
1.28174e-05 4.88763e-06 1.68294e-03 5.12804e-05 1.64764e-06 3.68781e-07 1.61427e-04 1.34480e-05 1.26423e-05 5.15985e-05 1.69365e-04 3.45826e-05 3.70453e-05 1.11683e-05 1.13864e-04 3.76522e-06 
8.55925e-05 3.59545e-04 5.12804e-05 9.77044e-02 2.98210e-05 1.84058e-05 8.07224e-03 4.09013e-05 2.72307e-05 1.67958e-02 3.29937e-05 4.31304e-03 5.99349e-03 3.81669e-05 1.48545e-03 2.29424e-04 
4.05188e-06 1.53506e-06 1.64764e-06 2.98210e-05 1.10437e-03 2.39727e-06 3.50570e-04 1.10563e-05 9.29588e-06 6.32469e-05 1.26093e-06 1.24001e-05 2.37682e-04 6.34366e-06 4.92444e-05 1.27121e-05 
2.22790e-07 8.18355e-06 3.68781e-07 1.84058e-05 2.39727e-06 8.78338e-04 8.94949e-05 2.59484e-05 8.45290e-07 1.59548e-04 4.43286e-07 1.03476e-05 1.74556e-05 7.76108e-06 6.20912e-06 1.97041e-05 
8.18916e-05 5.35963e-05 1.61427e-04 8.07224e-03 3.50570e-04 8.94949e-05 2.05186e-01 1.15243e-04 2.50349e-04 1.28865e-02 2.28346e-04 2.23804e-03 1.80838e-02 5.49261e-05 8.65320e-03 2.48549e-04 
1.55502e-06 1.04131e-06 1.34480e-05 4.09013e-05 1.10563e-05 2.59484e-05 1.15243e-04 2.42152e-03 4.47566e-05 2.47813e-05 6.28400e-07 3.05054e-05 1.26999e-04 1.01998e-04 9.87215e-06 1.36224e-04 
8.53382e-06 1.04148e-05 1.26423e-05 2.72307e-05 9.29588e-06 8.45290e-07 2.50349e-04 4.47566e-05 3.04006e-03 2.25780e-04 5.71392e-05 4.61940e-05 1.01108e-04 3.64309e-05 2.11506e-05 9.77577e-07 
1.03999e-04 2.34073e-04 5.15985e-05 1.67958e-02 6.32469e-05 1.59548e-04 1.28865e-02 2.47813e-05 2.25780e-04 2.31494e-01 2.67187e-04 8.43753e-03 6.81305e-03 1.24525e-04 2.95870e-03 2.16369e-04 
5.24162e-06 8.80719e-06 1.69365e-04 3.29937e-05 1.26093e-06 4.43286e-07 2.28346e-04 6.28400e-07 5.71392e-05 2.67187e-04 1.75849e-03 8.30211e-05 3.84194e-05 1.42163e-06 1.87854e-04 1.76344e-06 
3.02064e-05 7.04413e-05 3.45826e-05 4.31304e-03 1.24001e-05 1.03476e-05 2.23804e-03 3.05054e-05 4.61940e-05 8.43753e-03 8.30211e-05 5.55074e-02 1.34416e-03 1.03062e-04 7.63699e-04 1.24416e-04 
1.28300e-04 3.59253e-05 3.70453e-05 5.99349e-03 2.37682e-04 1.74556e-05 1.80838e-02 1.26999e-04 1.01108e-04 6.81305e-03 3.84194e-05 1.34416e-03 1.18525e-01 3.35005e-04 5.63084e-03 1.93309e-04 
1.08397e-06 7.92862e-06 1.11683e-05 3.81669e-05 6.34366e-06 7.76108e-06 5.49261e-05 1.01998e-04 3.64309e-05 1.24525e-04 1.42163e-06 1.03062e-04 3.35005e-04 2.83019e-04 2.34773e-05 1.30766e-04 
3.80777e-05 1.67007e-05 1.13864e-04 1.48545e-03 4.92444e-05 6.20912e-06 8.65320e-03 9.87215e-06 2.11506e-05 2.95870e-03 1.87854e-04 7.63699e-04 5.63084e-03 2.34773e-05 5.05965e-02 1.21676e-04 
3.61410e-06 1.24037e-05 3.76522e-06 2.29424e-04 1.27121e-05 1.97041e-05 2.48549e-04 1.36224e-04 9.77577e-07 2.16369e-04 1.76344e-06 1.24416e-04 1.93309e-04 1.30766e-04 1.21676e-04 2.74515e-03 

