RIBOSUM

	A	C	G	U
A	1.94
C	-1.15	0.95
G	-0.87	-1.46	0.87
U	-0.96	-0.63	-1.13	1.29


	AA	AC	AG	AU	CA	CC	CG	CU	GA	GC	GG	GU	UA	UC	UG	UU
AA	-2.90
AC	-9.18	-1.89
AG	-8.29	-9.87	-2.47
AU	-4.79	-1.66	-6.00	4.14
CA	-10.01	-10.80	-9.61	-5.54	-3.31
CC	-12.62	-8.67	-13.20	-2.48	-10.33	-3.45
CG	-3.56	-5.07	-4.24	2.09	-3.04	-4.58	5.25
CU	-11.69	-9.29	-8.62	-4.13	-8.06	-6.55	-4.01	-1.52
GA	-8.49	-9.76	-7.95	-4.62	-8.13	-12.36	-4.37	-7.62	-1.63
GC	-5.16	-3.61	-5.41	2.92	-5.13	-3.51	2.85	-2.12	-2.39	5.54
GG	-9.50	-9.54	-4.51	-5.51	-11.11	-12.10	-4.57	-9.37	-6.80	-3.94	-2.13
GU	-6.17	-4.49	-6.84	0.66	-6.70	-7.18	0.36	-4.18	-6.11	1.47	-5.76	3.21
UA	-2.42	-5.43	-2.83	1.85	-3.04	-6.22	3.03	-4.37	-4.64	1.91	-6.19	0.03	4.62
UC	-11.11	-8.49	-8.46	-4.40	-8.42	-8.27	-4.70	-4.51	-7.02	-3.57	-11.22	-4.62	-3.53	-4.08
UG	-3.60	-6.93	-6.08	-0.68	-6.07	-7.87	1.25	-6.49	-7.08	0.22	-4.39	-1.34	0.90	-4.59	3.11
UU	-9.98	-7.71	-10.69	-3.18	-8.45	-6.67	-3.14	-5.04	-10.68	-3.08	-9.67	-2.97	-1.71	-6.40	-4.15	-1.02


BASE FREQUENCIES
2.56608e-01 2.20257e-01 2.94578e-01 2.28557e-01 

BASE PAIR FREQUENCIES
2.46595e-03 2.40189e-03 2.62161e-03 1.34712e-01 
2.08487e-03 1.15882e-03 2.55313e-01 2.82963e-03 
4.10248e-03 2.79250e-01 3.19933e-03 7.29167e-02 
1.58432e-01 1.39559e-03 7.30129e-02 4.10268e-03 


BASE MATCH FREQUENCIES
2.52582e-01 2.54638e-02 4.13817e-02 3.02062e-02 2.54638e-02 9.34073e-02 2.35810e-02 3.24623e-02 4.13817e-02 2.35810e-02 1.58350e-01 3.08070e-02 3.02062e-02 3.24623e-02 3.08070e-02 1.27857e-01 

BASE PAIR MATCH FREQUENCIES
5.80140e-04 6.40149e-06 1.59491e-05 1.39161e-04 3.59885e-06 5.07792e-07 3.61778e-04 1.00115e-06 1.38762e-05 1.19095e-04 7.86607e-06 6.15600e-05 7.21122e-04 1.49465e-06 3.66565e-04 3.40958e-06 
6.40149e-06 8.61624e-04 4.56030e-06 1.04775e-03 1.78696e-06 6.74867e-06 1.09201e-04 4.54335e-06 4.92272e-06 3.00841e-04 6.57150e-06 1.69094e-04 7.68588e-05 7.93402e-06 3.12359e-05 1.40550e-05 
1.59491e-05 4.56030e-06 1.03447e-03 6.90483e-05 5.47638e-06 3.89998e-07 2.59009e-04 9.68592e-06 2.31071e-05 1.15286e-04 2.88025e-04 4.44839e-05 6.22010e-04 1.07702e-05 7.52259e-05 2.38405e-06 
1.39161e-04 1.04775e-03 6.90483e-05 6.07772e-02 7.13577e-05 5.10127e-04 1.61885e-02 1.68258e-04 1.80636e-04 2.87908e-02 1.11612e-04 6.22789e-03 1.24187e-02 1.39405e-04 2.46342e-03 3.37699e-04 
3.59885e-06 1.78696e-06 5.47638e-06 7.13577e-05 3.22049e-04 2.13450e-06 4.44539e-04 1.06691e-05 1.52520e-05 1.04451e-04 2.22385e-06 3.66235e-05 4.02139e-04 8.30561e-06 5.68247e-05 8.45616e-06 
5.07792e-07 6.74867e-06 3.89998e-07 5.10127e-04 2.13450e-06 2.14865e-04 1.31894e-04 2.60479e-05 6.95426e-07 2.76976e-04 9.57853e-07 2.25748e-05 3.82828e-05 7.93846e-06 1.39272e-05 2.48548e-05 
3.61778e-04 1.09201e-04 2.59009e-04 1.61885e-02 4.44539e-04 1.31894e-04 1.60434e-01 2.02952e-04 2.37327e-04 3.03048e-02 2.37079e-04 5.62445e-03 3.11662e-02 1.25395e-04 1.03705e-02 3.85057e-04 
1.00115e-06 4.54335e-06 9.68592e-06 1.68258e-04 1.06691e-05 2.60479e-05 2.02952e-04 8.86270e-04 1.92989e-05 7.52319e-04 6.61523e-06 1.86758e-04 1.42810e-04 1.11233e-04 3.78008e-05 7.97602e-05 
1.38762e-05 4.92272e-06 2.31071e-05 1.80636e-04 1.52520e-05 6.95426e-07 2.37327e-04 1.92989e-05 1.84103e-03 9.33850e-04 5.89999e-05 7.38758e-05 1.78234e-04 2.92648e-05 3.76682e-05 2.41085e-06 
1.19095e-04 3.00841e-04 1.15286e-04 2.87908e-02 1.04451e-04 2.76976e-04 3.03048e-02 7.52319e-04 9.33850e-04 1.96276e-01 3.66190e-04 1.20618e-02 1.42832e-02 2.74186e-04 5.08649e-03 3.99532e-04 
7.86607e-06 6.57150e-06 2.88025e-04 1.11612e-04 2.22385e-06 9.57853e-07 2.37079e-04 6.61523e-06 5.89999e-05 3.66190e-04 1.72096e-03 1.07984e-04 6.96760e-05 1.83179e-06 2.79588e-04 5.54936e-06 
6.15600e-05 1.69094e-04 4.44839e-05 6.22789e-03 3.66235e-05 2.25748e-05 5.62445e-03 1.86758e-04 7.38758e-05 1.20618e-02 1.07984e-04 4.19936e-02 4.03560e-03 1.38155e-04 1.78663e-03 4.47868e-04 
7.21122e-04 7.68588e-05 6.22010e-04 1.24187e-02 4.02139e-04 3.82828e-05 3.11662e-02 1.42810e-04 1.78234e-04 1.42832e-02 6.96760e-05 4.03560e-03 8.45834e-02 2.55631e-04 7.34412e-03 9.36790e-04 
1.49465e-06 7.93402e-06 1.07702e-05 1.39405e-04 8.30561e-06 7.93846e-06 1.25395e-04 1.11233e-04 2.92648e-05 2.74186e-04 1.83179e-06 1.38155e-04 2.55631e-04 1.50158e-04 1.41093e-04 3.10496e-05 
3.66565e-04 3.12359e-05 7.52259e-05 2.46342e-03 5.68247e-05 1.39272e-05 1.03705e-02 3.78008e-05 3.76682e-05 5.08649e-03 2.79588e-04 1.78663e-03 7.34412e-03 1.41093e-04 3.91114e-02 1.98013e-04 
3.40958e-06 1.40550e-05 2.38405e-06 3.37699e-04 8.45616e-06 2.48548e-05 3.85057e-04 7.97602e-05 2.41085e-06 3.99532e-04 5.54936e-06 4.47868e-04 9.36790e-04 3.10496e-05 1.98013e-04 1.34417e-03 

