RIBOSUM

	A	C	G	U
A	2.36
C	-3.47	1.61
G	-3.09	-3.80	1.36
U	-2.90	-1.84	-3.33	1.90


	AA	AC	AG	AU	CA	CC	CG	CU	GA	GC	GG	GU	UA	UC	UG	UU
AA	-0.32
AC	-8.04	-0.50
AG	-6.99	-9.22	-1.36
AU	-4.86	-5.05	-7.18	5.09
CA	-9.90	-10.57	-11.01	-8.46	-0.99
CC	-13.35	-7.04	-12.86	-8.18	-10.09	-0.90
CG	-6.39	-7.57	-5.59	-0.42	-3.95	-5.18	5.86
CU	-13.26	-13.39	-12.62	-5.96	-9.69	-7.17	-5.05	0.33
GA	-8.97	-8.48	-7.85	-8.38	-9.20	-12.75	-8.56	-15.35	-0.72
GC	-4.68	-3.86	-7.99	1.06	-7.00	-4.77	0.04	-7.65	-5.70	5.98
GG	-10.21	-11.69	-6.37	-8.46	-11.12	-13.89	-5.60	-14.45	-7.23	-5.27	-1.81
GU	-7.32	-6.28	-7.94	-0.67	-8.92	-9.12	-1.74	-6.57	-6.35	0.48	-6.57	3.78
UA	-5.18	-7.99	-8.14	-1.01	-4.63	-8.12	1.14	-6.94	-6.43	-0.95	-8.23	-3.22	5.23
UC	-11.89	-9.01	-11.05	-7.15	-12.51	-8.02	-6.73	-6.55	-14.90	-4.77	-12.87	-4.98	-5.18	-1.91
UG	-7.58	-8.67	-6.12	-3.00	-6.40	-9.33	0.74	-8.91	-9.55	-2.24	-6.56	-3.32	-0.61	-7.62	3.69
UU	-9.24	-8.81	-9.86	-3.79	-9.73	-7.57	-4.52	-6.70	-13.81	-5.54	-12.79	-5.01	-4.04	-5.18	-5.43	0.27


BASE FREQUENCIES
2.53985e-01 2.19313e-01 2.85363e-01 2.41339e-01 

BASE PAIR FREQUENCIES
4.01671e-03 2.69856e-03 2.49217e-03 1.44043e-01 
2.09688e-03 1.55689e-03 2.51579e-01 3.82701e-03 
3.49954e-03 2.66868e-01 2.41434e-03 7.64698e-02 
1.56909e-01 1.31058e-03 7.49770e-02 5.24122e-03 


BASE MATCH FREQUENCIES
3.30265e-01 5.04232e-03 8.53926e-03 8.22904e-03 5.04232e-03 1.46463e-01 4.48848e-03 1.47552e-02 8.53926e-03 4.48848e-03 2.09713e-01 6.85406e-03 8.22904e-03 1.47552e-02 6.85406e-03 2.17742e-01 

BASE PAIR MATCH FREQUENCIES
3.32341e-03 1.36799e-05 3.68527e-05 1.36043e-04 3.76419e-06 2.97475e-07 4.81304e-05 3.48939e-07 9.30174e-06 1.57984e-04 4.43965e-06 2.78819e-05 1.09026e-04 9.00932e-07 2.32570e-05 6.19890e-06 
1.36799e-05 2.19611e-03 6.76253e-06 1.03022e-04 2.03897e-06 2.03523e-05 1.83566e-05 2.74384e-07 1.13275e-05 2.40895e-04 1.36995e-06 4.94801e-05 1.34640e-05 5.73475e-06 9.40881e-06 7.24533e-06 
3.68527e-05 6.76253e-06 2.05154e-03 3.05677e-05 1.95353e-06 4.68240e-07 9.39914e-05 6.09303e-07 2.28458e-05 1.78974e-05 7.14833e-05 2.02837e-05 1.57202e-05 1.80993e-06 7.19586e-05 4.54029e-06 
1.36043e-04 1.03022e-04 3.05677e-05 1.27680e-01 9.71293e-06 1.01373e-05 2.86848e-03 5.21980e-05 1.33100e-05 7.98589e-03 1.41523e-05 2.65871e-03 1.86632e-03 2.27810e-05 5.26998e-04 2.57752e-04 
3.76419e-06 2.03897e-06 1.95353e-06 9.71293e-06 1.55753e-03 2.45781e-06 2.25296e-04 3.56428e-06 6.85452e-06 2.73216e-05 2.03391e-06 7.91158e-06 1.37678e-04 5.06444e-07 4.52861e-05 3.81904e-06 
2.97475e-07 2.03523e-05 4.68240e-07 1.01373e-05 2.45781e-06 1.23629e-03 8.27871e-05 1.76599e-05 5.07147e-07 1.10486e-04 2.57740e-07 5.97220e-06 1.06082e-05 9.83752e-06 5.14148e-06 1.47865e-05 
4.81304e-05 1.83566e-05 9.39914e-05 2.86848e-03 2.25296e-04 8.27871e-05 2.26937e-01 1.00319e-04 1.19967e-05 4.01397e-03 1.05131e-04 1.29006e-03 8.45734e-03 3.11117e-05 7.22119e-03 1.59137e-04 
3.48939e-07 2.74384e-07 6.09303e-07 5.21980e-05 3.56428e-06 1.76599e-05 1.00319e-04 3.52221e-03 9.17526e-08 1.64415e-05 1.93002e-07 3.84244e-05 2.63331e-05 2.99775e-05 7.60069e-06 2.95722e-05 
9.30174e-06 1.13275e-05 2.28458e-05 1.33100e-05 6.85452e-06 5.07147e-07 1.19967e-05 9.17526e-08 3.18604e-03 8.69597e-05 3.93855e-05 6.10456e-05 5.15202e-05 1.25629e-07 6.66147e-06 2.94516e-07 
1.57984e-04 2.40895e-04 1.78974e-05 7.98589e-03 2.73216e-05 1.10486e-04 4.01397e-03 1.64415e-05 8.69597e-05 2.46420e-01 1.31669e-04 5.99401e-03 1.98084e-03 1.20991e-04 9.13921e-04 7.82422e-05 
4.43965e-06 1.36995e-06 7.14833e-05 1.41523e-05 2.03391e-06 2.57740e-07 1.05131e-04 1.93002e-07 3.93855e-05 1.31669e-04 1.88826e-03 5.91998e-05 1.66734e-05 5.73842e-07 5.92638e-05 6.71436e-07 
2.78819e-05 4.94801e-05 2.02837e-05 2.65871e-03 7.91158e-06 5.97220e-06 1.29006e-03 3.84244e-05 6.10456e-05 5.99401e-03 5.91998e-05 6.50653e-02 4.52906e-04 1.15138e-04 4.74759e-04 1.24113e-04 
1.09026e-04 1.34640e-05 1.57202e-05 1.86632e-03 1.37678e-04 1.06082e-05 8.45734e-03 2.63331e-05 5.15202e-05 1.98084e-03 1.66734e-05 4.52906e-04 1.40896e-01 8.95754e-05 2.77400e-03 2.16490e-04 
9.00932e-07 5.73475e-06 1.80993e-06 2.27810e-05 5.06444e-07 9.83752e-06 3.11117e-05 2.99775e-05 1.25629e-07 1.20991e-04 5.73842e-07 1.15138e-04 8.95754e-05 7.45530e-04 1.85871e-05 8.49290e-05 
2.32570e-05 9.40881e-06 7.19586e-05 5.26998e-04 4.52861e-05 5.14148e-06 7.22119e-03 7.60069e-06 6.66147e-06 9.13921e-04 5.92638e-05 4.74759e-04 2.77400e-03 1.85871e-05 6.11713e-02 9.28255e-05 
6.19890e-06 7.24533e-06 4.54029e-06 2.57752e-04 3.81904e-06 1.47865e-05 1.59137e-04 2.95722e-05 2.94516e-07 7.82422e-05 6.71436e-07 1.24113e-04 2.16490e-04 8.49290e-05 9.28255e-05 4.09691e-03 

