RIBOSUM

	A	C	G	U
A	2.39
C	-5.60	1.76
G	-4.91	-5.91	1.48
U	-4.81	-3.94	-5.43	2.01


	AA	AC	AG	AU	CA	CC	CG	CU	GA	GC	GG	GU	UA	UC	UG	UU
AA	-1.20
AC	-10.37	-0.50
AG	-8.44	-9.90	-0.91
AU	-6.14	-5.55	-9.22	5.19
CA	-9.98	-14.42	-13.45	-9.09	-1.25
CC	-20.65	-11.53	-16.08	-12.41	-9.82	-1.19
CG	-8.43	-11.16	-6.43	-4.45	-4.87	-6.15	6.05
CU	-14.12	-17.56	-15.06	-7.06	-12.71	-8.28	-6.65	-0.17
GA	-9.31	-16.91	-10.48	-11.90	-11.93	-16.38	-10.46	-inf	-0.49
GC	-9.18	-4.77	-10.49	-1.81	-10.89	-5.51	-3.76	-9.80	-7.55	6.19
GG	-12.90	-11.72	-8.48	-10.47	-14.26	-17.35	-6.62	-17.61	-10.40	-5.90	-1.06
GU	-11.25	-8.55	-10.43	-1.86	-13.25	-9.93	-5.51	-7.33	-9.06	-1.27	-7.67	3.92
UA	-6.94	-9.29	-11.68	-4.09	-4.84	-10.38	-1.70	-9.63	-7.56	-4.81	-11.75	-6.16	5.42
UC	-14.86	-9.15	-13.02	-10.57	-15.03	-7.86	-9.69	-7.19	-18.88	-5.92	-14.22	-10.36	-6.67	-0.88
UG	-11.71	-12.51	-8.35	-5.91	-8.24	-12.93	-1.53	-12.72	-11.62	-5.79	-7.72	-7.14	-1.99	-8.61	3.91
UU	-13.68	-11.14	-13.06	-5.95	-10.20	-11.28	-9.00	-7.91	-16.33	-9.17	-13.93	-6.24	-6.04	-5.72	-6.85	0.25


BASE FREQUENCIES
2.68271e-01 2.10021e-01 2.85330e-01 2.36378e-01 

BASE PAIR FREQUENCIES
2.46771e-03 2.47032e-03 3.31311e-03 1.50291e-01 
1.64529e-03 9.91830e-04 2.40856e-01 2.31463e-03 
4.24876e-03 2.63873e-01 3.41056e-03 7.20326e-02 
1.74673e-01 1.52519e-03 7.18280e-02 4.05991e-03 


BASE MATCH FREQUENCIES
3.76112e-01 1.16394e-03 2.55252e-03 2.25652e-03 1.16394e-03 1.48942e-01 9.93540e-04 3.22628e-03 2.55252e-03 9.93540e-04 2.26927e-01 1.55962e-03 2.25652e-03 3.22628e-03 1.55962e-03 2.24513e-01 

BASE PAIR MATCH FREQUENCIES
2.25228e-03 3.06969e-06 1.58351e-05 6.46181e-05 4.00512e-06 1.93249e-09 1.24705e-05 2.00582e-07 8.65756e-06 7.41293e-06 7.64449e-07 1.99015e-06 3.71396e-05 1.20092e-07 1.45134e-06 3.05937e-07 
3.06969e-06 2.23836e-03 4.50447e-06 7.63253e-05 1.44530e-07 8.38084e-07 1.47689e-06 1.44937e-08 3.49313e-08 1.23833e-04 1.35671e-06 1.01222e-05 5.69452e-06 4.92162e-06 6.51647e-07 1.39674e-06 
1.58351e-05 4.50447e-06 3.12535e-03 8.11180e-06 3.85014e-07 4.87370e-08 5.33119e-05 1.10892e-07 4.10171e-06 3.18654e-06 1.74568e-05 3.72997e-06 1.47870e-06 4.58298e-07 1.57799e-05 5.00073e-07 
6.46181e-05 7.63253e-05 8.11180e-06 1.47014e-01 6.55018e-06 5.13149e-07 1.73979e-04 2.35974e-05 1.27435e-06 1.08246e-03 3.64612e-06 1.17424e-03 2.35596e-04 2.07697e-06 7.08992e-05 5.72551e-05 
4.00512e-06 1.44530e-07 3.85014e-07 6.55018e-06 1.33515e-03 2.74286e-06 1.15857e-04 4.16829e-07 1.10218e-06 1.78065e-06 2.34493e-07 3.89068e-07 1.25030e-04 8.33752e-08 1.25715e-05 2.68155e-06 
1.93249e-09 8.38084e-07 4.87370e-08 5.13149e-07 2.74286e-06 8.50638e-04 3.72654e-05 7.05206e-06 3.95965e-08 5.81459e-05 2.14428e-08 3.04704e-06 2.09914e-06 9.42917e-06 3.80276e-07 9.94006e-07 
1.24705e-05 1.47689e-06 5.33119e-05 1.73979e-04 1.15857e-04 3.72654e-05 2.37424e-01 2.95312e-05 3.26756e-06 2.64425e-04 4.97710e-05 8.87053e-05 1.16995e-03 3.59969e-06 1.40140e-03 6.54462e-06 
2.00582e-07 1.44937e-08 1.10892e-07 2.35974e-05 4.16829e-07 7.05206e-06 2.95312e-05 2.19459e-03 0.00000e+00 3.34200e-06 2.01595e-08 2.08441e-05 3.98455e-06 1.69280e-05 4.97883e-07 1.15338e-05 
8.65756e-06 3.49313e-08 4.10171e-06 1.27435e-06 1.10218e-06 3.95965e-08 3.26756e-06 0.00000e+00 4.16712e-03 2.44196e-05 4.60762e-06 9.66815e-06 2.57376e-05 7.87651e-09 1.64127e-06 5.20653e-08 
7.41293e-06 1.23833e-04 3.18654e-06 1.08246e-03 1.78065e-06 5.81459e-05 2.64425e-04 3.34200e-06 2.44196e-05 2.61343e-01 8.18581e-05 1.67369e-03 1.35448e-04 4.91913e-05 7.28855e-05 5.83091e-06 
7.64449e-07 1.35671e-06 1.74568e-05 3.64612e-06 2.34493e-07 2.14428e-08 4.97710e-05 2.01595e-08 4.60762e-06 8.18581e-05 3.18149e-03 2.70061e-05 1.50390e-06 2.11396e-07 2.60194e-05 2.91653e-07 
1.99015e-06 1.01222e-05 3.72997e-06 1.17424e-03 3.89068e-07 3.04704e-06 8.87053e-05 2.08441e-05 9.66815e-06 1.67369e-03 2.70061e-05 6.90014e-02 5.96726e-05 2.54841e-06 3.21598e-05 4.99709e-05 
3.71396e-05 5.69452e-06 1.47870e-06 2.35596e-04 1.25030e-04 2.09914e-06 1.16995e-03 3.98455e-06 2.57376e-05 1.35448e-04 1.50390e-06 5.96726e-05 1.71693e-01 3.08481e-05 1.07302e-03 5.40079e-05 
1.20092e-07 4.92162e-06 4.58298e-07 2.07697e-06 8.33752e-08 9.42917e-06 3.59969e-06 1.69280e-05 7.87651e-09 4.91913e-05 2.11396e-07 2.54841e-06 3.08481e-05 1.34002e-03 8.54611e-06 5.27564e-05 
1.45134e-06 6.51647e-07 1.57799e-05 7.08992e-05 1.25715e-05 3.80276e-07 1.40140e-03 4.97883e-07 1.64127e-06 7.28855e-05 2.60194e-05 3.21598e-05 1.07302e-03 8.54611e-06 6.84727e-02 3.25793e-05 
3.05937e-07 1.39674e-06 5.00073e-07 5.72551e-05 2.68155e-06 9.94006e-07 6.54462e-06 1.15338e-05 5.20653e-08 5.83091e-06 2.91653e-07 4.99709e-05 5.40079e-05 5.27564e-05 3.25793e-05 3.72261e-03 

