RIBOSUM

	A	C	G	U
A	2.00
C	-1.22	0.99
G	-0.96	-1.53	0.90
U	-1.07	-0.67	-1.20	1.35


	AA	AC	AG	AU	CA	CC	CG	CU	GA	GC	GG	GU	UA	UC	UG	UU
AA	-2.53
AC	-9.61	-1.81
AG	-9.35	-10.12	-2.31
AU	-5.33	-1.81	-6.40	4.25
CA	-10.34	-11.61	-11.02	-5.96	-3.10
CC	-13.63	-9.41	-13.64	-2.28	-11.10	-3.10
CG	-3.80	-5.67	-4.78	2.01	-3.49	-4.95	5.27
CU	-12.13	-10.27	-8.62	-4.46	-8.54	-6.85	-4.20	-1.46
GA	-9.15	-9.07	-8.39	-4.69	-9.02	-12.23	-4.34	-6.93	-1.53
GC	-5.56	-3.97	-6.03	2.85	-5.71	-3.89	2.76	-2.12	-2.35	5.53
GG	-9.46	-8.98	-4.08	-6.15	-11.95	-13.16	-4.77	-10.20	-6.88	-4.35	-2.21
GU	-7.02	-4.96	-7.01	0.61	-7.05	-7.72	0.27	-4.37	-6.19	1.37	-5.70	3.28
UA	-2.32	-5.97	-2.75	1.83	-3.41	-6.61	2.96	-4.29	-4.75	1.77	-6.63	0.02	4.71
UC	-12.00	-9.09	-8.49	-4.91	-9.04	-8.96	-5.07	-4.74	-6.94	-4.02	-11.56	-4.71	-3.50	-4.26
UG	-3.40	-7.33	-6.35	-0.79	-6.56	-8.22	1.12	-6.88	-7.46	0.15	-4.50	-1.28	0.84	-4.53	3.16
UU	-10.38	-8.19	-10.71	-3.61	-8.79	-7.55	-3.18	-5.37	-11.47	-3.30	-10.56	-2.75	-1.63	-5.83	-4.46	-0.87


BASE FREQUENCIES
2.53565e-01 2.21865e-01 2.96046e-01 2.28523e-01 

BASE PAIR FREQUENCIES
2.49138e-03 2.15048e-03 2.55922e-03 1.33850e-01 
1.87125e-03 1.14376e-03 2.58072e-01 2.74457e-03 
4.15920e-03 2.79428e-01 3.07433e-03 7.37465e-02 
1.56247e-01 1.29002e-03 7.31368e-02 4.03556e-03 


BASE MATCH FREQUENCIES
2.56852e-01 2.41021e-02 3.86452e-02 2.75224e-02 2.41021e-02 9.74657e-02 2.28198e-02 3.18713e-02 3.86452e-02 2.28198e-02 1.63503e-01 2.94893e-02 2.75224e-02 3.18713e-02 2.94893e-02 1.33279e-01 

BASE PAIR MATCH FREQUENCIES
7.15607e-04 4.63920e-06 7.39479e-06 9.26280e-05 2.78584e-06 2.50219e-07 3.04068e-04 7.26703e-07 8.50683e-06 8.94061e-05 7.99319e-06 3.35868e-05 7.45596e-04 7.94829e-07 4.11760e-04 2.51843e-06 
4.63920e-06 9.03242e-04 3.78717e-06 9.27039e-04 1.01530e-06 4.07026e-06 7.25875e-05 2.31239e-06 7.83691e-06 2.36511e-04 9.74520e-06 1.22477e-04 5.21126e-05 5.23934e-06 2.36508e-05 1.00284e-05 
7.39479e-06 3.78717e-06 1.13273e-03 5.15618e-05 2.03769e-06 2.89225e-07 1.79616e-04 9.67460e-06 1.68338e-05 7.56780e-05 3.90071e-04 3.92712e-05 6.44820e-04 1.06184e-05 6.21423e-05 2.33254e-06 
9.26280e-05 9.27039e-04 5.15618e-05 6.40080e-02 5.22326e-05 5.88084e-04 1.53054e-02 1.33387e-04 1.67943e-04 2.73813e-02 7.15691e-05 5.96524e-03 1.19713e-02 9.79725e-05 2.26340e-03 2.48113e-04 
2.78584e-06 1.01530e-06 2.03769e-06 5.22326e-05 3.70376e-04 1.26023e-06 3.29912e-04 7.64708e-06 8.11466e-06 7.04425e-05 1.25050e-06 2.86773e-05 3.07550e-04 5.42646e-06 4.03785e-05 6.61708e-06 
2.50219e-07 4.07026e-06 2.89225e-07 5.88084e-04 1.26023e-06 2.82447e-04 1.04277e-04 2.15935e-05 7.67756e-07 2.18346e-04 4.72598e-07 1.57759e-05 2.93008e-05 5.01474e-06 1.11404e-05 1.37208e-05 
3.04068e-04 7.25875e-05 1.79616e-04 1.53054e-02 3.29912e-04 1.04277e-04 1.66813e-01 1.80583e-04 2.43305e-04 2.93244e-02 2.11130e-04 5.36382e-03 2.95688e-02 9.90858e-05 9.63415e-03 3.78020e-04 
7.26703e-07 2.31239e-06 9.67460e-06 1.33387e-04 7.64708e-06 2.15935e-05 1.80583e-04 9.37416e-04 3.12719e-05 7.68547e-04 3.76999e-06 1.65413e-04 1.50187e-04 9.60198e-05 2.92227e-05 6.40412e-05 
8.50683e-06 7.83691e-06 1.68338e-05 1.67943e-04 8.11466e-06 7.67756e-07 2.43305e-04 3.12719e-05 1.94689e-03 9.66501e-04 5.60028e-05 6.94777e-05 1.62085e-04 3.10018e-05 2.87954e-05 1.38371e-06 
8.94061e-05 2.36511e-04 7.56780e-05 2.73813e-02 7.04425e-05 2.18346e-04 2.93244e-02 7.68547e-04 9.66501e-04 1.99478e-01 2.82911e-04 1.15083e-02 1.29376e-02 2.05545e-04 4.91921e-03 3.47769e-04 
7.99319e-06 9.74520e-06 3.90071e-04 7.15691e-05 1.25050e-06 4.72598e-07 2.11130e-04 3.76999e-06 5.60028e-05 2.82911e-04 1.65945e-03 1.14151e-04 5.11517e-05 1.47565e-06 2.62687e-04 3.02492e-06 
3.35868e-05 1.22477e-04 3.92712e-05 5.96524e-03 2.86773e-05 1.57759e-05 5.36382e-03 1.65413e-04 6.94777e-05 1.15083e-02 1.14151e-04 4.43113e-02 3.96849e-03 1.31184e-04 1.87966e-03 5.24383e-04 
7.45596e-04 5.21126e-05 6.44820e-04 1.19713e-02 3.07550e-04 2.93008e-05 2.95688e-02 1.50187e-04 1.62085e-04 1.29376e-02 5.11517e-05 3.96849e-03 8.78733e-02 2.59390e-04 7.01464e-03 9.77637e-04 
7.94829e-07 5.23934e-06 1.06184e-05 9.79725e-05 5.42646e-06 5.01474e-06 9.90858e-05 9.60198e-05 3.10018e-05 2.05545e-04 1.47565e-06 1.31184e-04 2.59390e-04 1.33830e-04 1.48959e-04 4.65575e-05 
4.11760e-04 2.36508e-05 6.21423e-05 2.26340e-03 4.03785e-05 1.11404e-05 9.63415e-03 2.92227e-05 2.87954e-05 4.91921e-03 2.62687e-04 1.87966e-03 7.01464e-03 1.48959e-04 4.08944e-02 1.61039e-04 
2.51843e-06 1.00284e-05 2.33254e-06 2.48113e-04 6.61708e-06 1.37208e-05 3.78020e-04 6.40412e-05 1.38371e-06 3.47769e-04 3.02492e-06 5.24383e-04 9.77637e-04 4.65575e-05 1.61039e-04 1.49536e-03 

