RIBOSUM

	A	C	G	U
A	1.86
C	-1.06	0.91
G	-0.79	-1.39	0.84
U	-0.86	-0.57	-1.05	1.22


	AA	AC	AG	AU	CA	CC	CG	CU	GA	GC	GG	GU	UA	UC	UG	UU
AA	-3.02
AC	-8.46	-1.62
AG	-8.64	-10.33	-2.63
AU	-4.63	-1.71	-5.75	4.03
CA	-9.62	-10.83	-9.98	-5.34	-3.29
CC	-12.16	-8.21	-13.56	-2.66	-10.48	-3.64
CG	-3.42	-4.74	-3.94	2.19	-2.94	-4.32	5.26
CU	-11.37	-9.04	-8.82	-3.93	-8.37	-5.94	-4.02	-1.52
GA	-7.91	-10.05	-8.39	-4.58	-7.51	-12.05	-4.41	-7.87	-1.81
GC	-4.83	-3.45	-5.39	3.00	-4.61	-3.17	2.96	-2.11	-2.35	5.56
GG	-9.11	-9.55	-4.51	-5.24	-11.34	-12.47	-4.54	-9.56	-6.69	-3.73	-2.12
GU	-5.59	-4.26	-6.54	0.70	-6.37	-6.93	0.47	-4.15	-5.95	1.55	-5.65	3.14
UA	-2.53	-5.16	-2.90	1.87	-2.98	-5.92	3.09	-4.32	-4.61	2.04	-6.02	0.04	4.50
UC	-10.58	-8.30	-8.64	-4.26	-8.72	-7.88	-4.58	-4.75	-7.21	-3.53	-10.98	-4.60	-3.62	-4.28
UG	-3.66	-6.63	-5.99	-0.55	-5.65	-7.52	1.33	-6.32	-6.89	0.34	-4.53	-1.32	0.93	-4.56	3.06
UU	-9.54	-7.45	-10.57	-2.90	-8.39	-6.35	-2.94	-5.22	-10.55	-2.77	-9.65	-3.10	-1.75	-6.56	-3.86	-1.26


BASE FREQUENCIES
2.59542e-01 2.17565e-01 2.91271e-01 2.31622e-01 

BASE PAIR FREQUENCIES
2.61212e-03 2.60804e-03 2.58194e-03 1.38435e-01 
2.18901e-03 1.18336e-03 2.52143e-01 2.85806e-03 
3.95985e-03 2.76007e-01 3.15836e-03 7.22821e-02 
1.60933e-01 1.37138e-03 7.34501e-02 4.22789e-03 


BASE MATCH FREQUENCIES
2.45074e-01 2.69941e-02 4.35890e-02 3.32296e-02 2.69941e-02 8.91048e-02 2.41988e-02 3.38316e-02 4.35890e-02 2.41988e-02 1.52122e-01 3.26131e-02 3.32296e-02 3.38316e-02 3.26131e-02 1.24787e-01 

BASE PAIR MATCH FREQUENCIES
5.57883e-04 1.08033e-05 1.27753e-05 1.63471e-04 4.82910e-06 6.99051e-07 3.98620e-04 1.28427e-06 2.11075e-05 1.50404e-04 1.03499e-05 9.44746e-05 6.99200e-04 2.21588e-06 3.58753e-04 4.84179e-06 
1.08033e-05 1.03420e-03 3.32379e-06 1.03764e-03 1.74627e-06 9.00459e-06 1.33947e-04 5.41089e-06 4.03219e-06 3.28439e-04 6.37004e-06 1.98178e-04 9.48250e-05 9.02445e-06 3.83532e-05 1.72781e-05 
1.27753e-05 3.32379e-06 9.22413e-04 8.42565e-05 4.22928e-06 2.96122e-07 3.11668e-04 8.45755e-06 1.70870e-05 1.14025e-04 2.82143e-04 5.47805e-05 6.06845e-04 9.55962e-06 8.02066e-05 2.66561e-06 
1.63471e-04 1.03764e-03 8.42565e-05 5.91571e-02 8.36467e-05 4.51345e-04 1.73371e-02 1.98660e-04 1.90116e-04 3.04687e-02 1.35089e-04 6.60879e-03 1.32177e-02 1.57928e-04 2.76168e-03 4.30905e-04 
4.82910e-06 1.74627e-06 4.22928e-06 8.36467e-05 3.25915e-04 1.87069e-06 4.65031e-04 8.62246e-06 2.34887e-05 1.46822e-04 1.85395e-06 4.60710e-05 4.30675e-04 6.76394e-06 7.58124e-05 9.02276e-06 
6.99051e-07 9.00459e-06 2.96122e-07 4.51345e-04 1.87069e-06 1.79861e-04 1.50298e-04 3.87480e-05 8.42879e-07 3.32249e-04 7.09248e-07 2.61216e-05 4.70243e-05 1.01514e-05 1.73758e-05 3.12018e-05 
3.98620e-04 1.33947e-04 3.11668e-04 1.73371e-02 4.65031e-04 1.50298e-04 1.53706e-01 1.97440e-04 2.26043e-04 3.13521e-02 2.31092e-04 5.90272e-03 3.23496e-02 1.33248e-04 1.07286e-02 4.42237e-04 
1.28427e-06 5.41089e-06 8.45755e-06 1.98660e-04 8.62246e-06 3.87480e-05 1.97440e-04 8.84163e-04 1.63302e-05 7.41132e-04 5.66563e-06 1.91909e-04 1.51246e-04 9.41949e-05 4.26548e-05 7.26006e-05 
2.11075e-05 4.03219e-06 1.70870e-05 1.90116e-04 2.34887e-05 8.42879e-07 2.26043e-04 1.63302e-05 1.63186e-03 9.40864e-04 6.21170e-05 8.27804e-05 1.85485e-04 2.58010e-05 4.28984e-05 2.70565e-06 
1.50404e-04 3.28439e-04 1.14025e-04 3.04687e-02 1.46822e-04 3.32249e-04 3.13521e-02 7.41132e-04 9.40864e-04 1.89564e-01 4.03794e-04 1.25369e-02 1.56492e-02 2.75783e-04 5.41781e-03 4.97886e-04 
1.03499e-05 6.37004e-06 2.82143e-04 1.35089e-04 1.85395e-06 7.09248e-07 2.31092e-04 5.66563e-06 6.21170e-05 4.03794e-04 1.65449e-03 1.13934e-04 7.85183e-05 2.11522e-06 2.48031e-04 5.67940e-06 
9.44746e-05 1.98178e-04 5.47805e-05 6.60879e-03 4.60710e-05 2.61216e-05 5.90272e-03 1.91909e-04 8.27804e-05 1.25369e-02 1.13934e-04 3.99912e-02 4.16283e-03 1.40515e-04 1.82049e-03 4.22712e-04 
6.99200e-04 9.48250e-05 6.06845e-04 1.32177e-02 4.30675e-04 4.70243e-05 3.23496e-02 1.51246e-04 1.85485e-04 1.56492e-02 7.85183e-05 4.16283e-03 8.18892e-02 2.46452e-04 7.70080e-03 9.61869e-04 
2.21588e-06 9.02445e-06 9.55962e-06 1.57928e-04 6.76394e-06 1.01514e-05 1.33248e-04 9.41949e-05 2.58010e-05 2.75783e-04 2.11522e-06 1.40515e-04 2.46452e-04 1.30560e-04 1.44601e-04 2.85816e-05 
3.58753e-04 3.83532e-05 8.02066e-05 2.76168e-03 7.58124e-05 1.73758e-05 1.07286e-02 4.26548e-05 4.28984e-05 5.41781e-03 2.48031e-04 1.82049e-03 7.70080e-03 1.44601e-04 3.78945e-02 2.48969e-04 
4.84179e-06 1.72781e-05 2.66561e-06 4.30905e-04 9.02276e-06 3.12018e-05 4.42237e-04 7.26006e-05 2.70565e-06 4.97886e-04 5.67940e-06 4.22712e-04 9.61869e-04 2.85816e-05 2.48969e-04 1.19860e-03 

