RIBOSUM

	A	C	G	U
A	1.31
C	-0.53	0.77
G	-0.36	-0.90	0.66
U	-0.42	-0.34	-0.69	0.77


	AA	AC	AG	AU	CA	CC	CG	CU	GA	GC	GG	GU	UA	UC	UG	UU
AA	-4.20
AC	-10.90	-1.62
AG	-10.36	-10.03	-2.99
AU	-4.93	-2.53	-3.09	3.81
CA	-11.61	-12.53	-11.95	-6.10	-4.21
CC	-13.62	-10.32	-12.20	-3.43	-12.09	-3.86
CG	-4.19	-4.42	-2.97	2.26	-3.75	-5.20	5.55
CU	-12.54	-10.96	-9.64	-4.94	-9.80	-7.88	-4.09	-2.75
GA	-10.36	-9.49	-9.45	-4.50	-9.83	-12.20	-4.89	-8.13	-2.13
GC	-5.46	-2.64	-3.10	3.22	-6.01	-3.98	3.20	-2.23	-1.57	5.78
GG	-10.64	-9.84	-3.69	-5.66	-12.16	-12.95	-4.65	-10.66	-7.72	-2.87	-3.00
GU	-7.25	-5.31	-6.58	0.68	-8.00	-8.47	0.57	-2.80	-6.45	1.72	-5.10	2.75
UA	-2.94	-6.15	-2.67	1.95	-2.84	-6.61	3.28	-3.32	-4.32	2.17	-6.47	0.04	4.34
UC	-13.29	-9.95	-9.65	-5.79	-10.26	-9.99	-5.58	-5.99	-8.20	-4.52	-12.04	-5.90	-3.85	-5.50
UG	-4.07	-2.66	-3.61	-1.05	-7.52	-8.58	1.25	-7.77	-8.43	-0.02	-5.39	-1.36	0.76	-3.58	2.89
UU	-11.79	-9.06	-9.50	-4.31	-10.09	-8.75	-3.21	-6.89	-11.12	-3.44	-11.61	-3.01	-1.88	-7.26	-2.70	-1.54


BASE FREQUENCIES
2.72475e-01 2.02977e-01 2.72497e-01 2.52051e-01 

BASE PAIR FREQUENCIES
3.26136e-03 2.65295e-03 3.54150e-03 1.63236e-01 
1.65787e-03 9.96375e-04 2.29719e-01 3.14605e-03 
3.67289e-03 2.50796e-01 2.57868e-03 7.43694e-02 
1.77985e-01 1.79598e-03 7.56962e-02 4.89443e-03 


BASE MATCH FREQUENCIES
1.84484e-01 3.83395e-02 5.77049e-02 5.13112e-02 3.83395e-02 7.01612e-02 2.95751e-02 4.03303e-02 5.77049e-02 2.95751e-02 1.17351e-01 4.24945e-02 5.13112e-02 4.03303e-02 4.24945e-02 1.08492e-01 

BASE PAIR MATCH FREQUENCIES
2.99151e-04 2.14999e-06 4.20104e-06 1.67136e-04 1.31608e-06 2.42585e-07 2.25745e-04 6.39508e-07 4.19274e-06 9.29777e-05 3.44388e-06 3.34885e-05 6.65198e-04 3.78742e-07 3.04058e-04 1.32801e-06 
2.14999e-06 9.98283e-04 3.92935e-06 6.55418e-04 5.16169e-07 1.78224e-06 1.43248e-04 1.41771e-06 5.69686e-06 4.91136e-04 4.48925e-06 9.54540e-05 5.35882e-05 2.86926e-06 5.99655e-04 6.58907e-06 
4.20104e-06 3.92935e-06 6.92410e-04 6.00928e-04 1.04119e-06 6.48620e-07 5.23704e-04 4.77638e-06 7.90377e-06 4.79910e-04 4.27967e-04 5.31248e-05 7.98838e-04 4.73858e-06 4.18408e-04 6.49784e-06 
1.67136e-04 6.55418e-04 6.00928e-04 6.63767e-02 5.54416e-05 2.62849e-04 1.82538e-02 1.14773e-04 2.25532e-04 3.53277e-02 1.01202e-04 7.58066e-03 1.82750e-02 6.33966e-05 2.27343e-03 2.19889e-04 
1.31608e-06 5.16169e-07 1.04119e-06 5.54416e-05 1.65225e-04 5.21572e-07 2.26943e-04 3.17382e-06 4.51277e-06 4.75562e-05 8.98736e-07 1.48132e-05 5.29880e-04 2.30076e-06 2.07541e-05 3.22948e-06 
2.42585e-07 1.78224e-06 6.48620e-07 2.62849e-04 5.21572e-07 1.16861e-04 6.18117e-05 8.95408e-06 6.49460e-07 1.44309e-04 3.86326e-07 7.98665e-06 2.89737e-05 2.07717e-06 7.37186e-06 6.05970e-06 
2.25745e-04 1.43248e-04 5.23704e-04 1.82538e-02 2.26943e-04 6.18117e-05 1.43705e-01 1.65721e-04 1.38190e-04 2.81821e-02 1.63022e-04 5.63645e-03 3.67719e-02 5.90488e-05 9.06229e-03 3.79355e-04 
6.39508e-07 1.41771e-06 4.77638e-06 1.14773e-04 3.17382e-06 8.95408e-06 1.65721e-04 3.89385e-04 1.35868e-05 6.04946e-04 2.34191e-06 5.03283e-04 3.51927e-04 4.10409e-05 1.60767e-05 2.73526e-05 
4.19274e-06 5.69686e-06 7.90377e-06 2.25532e-04 4.51277e-06 6.49460e-07 1.38190e-04 1.35868e-05 1.26349e-03 1.38464e-03 2.60616e-05 5.84387e-05 2.54852e-04 1.28996e-05 1.47498e-05 2.11219e-06 
9.29777e-05 4.91136e-04 4.79910e-04 3.53277e-02 4.75562e-05 1.44309e-04 2.81821e-02 6.04946e-04 1.38464e-03 1.67945e-01 5.62613e-04 1.25235e-02 1.70970e-02 1.23324e-04 3.75056e-03 3.23530e-04 
3.44388e-06 4.48925e-06 4.27967e-04 1.01202e-04 8.98736e-07 3.86326e-07 1.63022e-04 2.34191e-06 2.60616e-05 5.62613e-04 6.87132e-04 1.48822e-04 5.74847e-05 9.02617e-07 1.21866e-04 1.50796e-06 
3.34885e-05 9.54540e-05 5.31248e-05 7.58066e-03 1.48132e-05 7.98665e-06 5.63645e-03 5.03283e-04 5.84387e-05 1.25235e-02 1.48822e-04 3.17029e-02 4.85159e-03 5.89723e-05 1.83480e-03 5.43320e-04 
6.65198e-04 5.35882e-05 7.98838e-04 1.82750e-02 5.29880e-04 2.89737e-05 3.67719e-02 3.51927e-04 2.54852e-04 1.70970e-02 5.74847e-05 4.85159e-03 9.52402e-02 2.44262e-04 7.96454e-03 1.18133e-03 
3.78742e-07 2.86926e-06 4.73858e-06 6.33966e-05 2.30076e-06 2.07717e-06 5.90488e-05 4.10409e-05 1.28996e-05 1.23324e-04 9.02617e-07 5.89723e-05 2.44262e-04 5.77046e-05 2.93505e-04 2.11969e-05 
3.04058e-04 5.99655e-04 4.18408e-04 2.27343e-03 2.07541e-05 7.37186e-06 9.06229e-03 1.60767e-05 1.47498e-05 3.75056e-03 1.21866e-04 1.83480e-03 7.96454e-03 2.93505e-04 3.49193e-02 6.71723e-04 
1.32801e-06 6.58907e-06 6.49784e-06 2.19889e-04 3.22948e-06 6.05970e-06 3.79355e-04 2.73526e-05 2.11219e-06 3.23530e-04 1.50796e-06 5.43320e-04 1.18133e-03 2.11969e-05 6.71723e-04 1.38903e-03 

