RIBOSUM

	A	C	G	U
A	2.48
C	-3.57	1.49
G	-3.09	-4.10	1.29
U	-3.00	-1.90	-3.42	2.00


	AA	AC	AG	AU	CA	CC	CG	CU	GA	GC	GG	GU	UA	UC	UG	UU
AA	-0.64
AC	-8.40	-0.82
AG	-7.14	-9.30	-1.40
AU	-5.20	-5.33	-7.19	5.12
CA	-9.90	-11.79	-11.03	-8.30	-1.48
CC	-13.73	-8.90	-13.12	-8.15	-10.32	-1.49
CG	-6.49	-7.65	-5.73	-0.03	-4.06	-5.17	5.72
CU	-13.19	-13.35	-12.28	-6.19	-9.66	-8.05	-5.08	0.07
GA	-9.69	-7.90	-7.49	-8.45	-8.81	-14.52	-8.76	-15.32	-0.73
GC	-4.82	-4.14	-8.17	1.33	-7.17	-5.05	0.11	-7.92	-5.91	5.82
GG	-10.39	-11.79	-6.61	-8.30	-13.16	-14.09	-5.77	-14.61	-6.99	-5.51	-1.80
GU	-7.40	-6.39	-8.10	-0.56	-9.02	-9.23	-1.51	-6.63	-7.15	0.40	-6.67	3.78
UA	-5.57	-7.83	-8.15	-0.48	-4.48	-8.35	1.39	-6.83	-7.10	-0.66	-8.31	-2.76	5.32
UC	-11.91	-9.27	-11.15	-7.69	-12.41	-9.63	-6.88	-6.62	-14.89	-4.95	-13.07	-5.11	-5.25	-2.31
UG	-7.50	-9.18	-7.02	-2.51	-6.42	-9.46	0.75	-8.65	-9.60	-1.99	-6.65	-2.93	-0.32	-7.54	3.70
UU	-9.17	-9.03	-10.42	-3.75	-9.75	-7.70	-4.58	-8.18	-13.68	-5.66	-12.62	-5.13	-4.15	-5.22	-5.96	0.26


BASE FREQUENCIES
2.46948e-01 2.25114e-01 2.98959e-01 2.28979e-01 

BASE PAIR FREQUENCIES
2.95391e-03 2.16580e-03 2.48490e-03 1.30639e-01 
1.64338e-03 1.21631e-03 2.67260e-01 3.02205e-03 
3.58208e-03 2.79054e-01 2.78540e-03 7.62717e-02 
1.46015e-01 1.00710e-03 7.57520e-02 4.14730e-03 


BASE MATCH FREQUENCIES
3.40320e-01 4.67982e-03 8.66094e-03 7.06580e-03 4.67982e-03 1.42550e-01 3.91580e-03 1.38106e-02 8.66094e-03 3.91580e-03 2.17934e-01 6.37522e-03 7.06580e-03 1.38106e-02 6.37522e-03 2.10180e-01 

BASE PAIR MATCH FREQUENCIES
2.38534e-03 1.00074e-05 3.20053e-05 9.40517e-05 3.55477e-06 2.28013e-07 4.55671e-05 3.37028e-07 5.43877e-06 1.45400e-04 4.07069e-06 2.47955e-05 7.25246e-05 8.14219e-07 2.30868e-05 5.55058e-06 
1.00074e-05 1.74914e-03 6.50856e-06 7.80312e-05 8.74117e-07 5.89919e-06 1.85853e-05 2.75133e-07 1.71689e-05 2.11823e-04 1.40562e-06 4.55316e-05 1.37670e-05 4.64732e-06 6.57724e-06 5.58013e-06 
3.20053e-05 6.50856e-06 2.07103e-03 2.86885e-05 1.96626e-06 4.20886e-07 9.38480e-05 7.66699e-07 3.03557e-05 1.72915e-05 6.75766e-05 1.83792e-05 1.47310e-05 1.67676e-06 3.89032e-05 2.82281e-06 
9.40517e-05 7.80312e-05 2.86885e-05 1.10929e-01 9.95711e-06 1.00681e-05 3.72894e-03 3.98520e-05 1.19074e-05 9.55970e-03 1.60344e-05 2.63280e-03 2.29151e-03 1.40833e-05 6.78729e-04 2.20129e-04 
3.55477e-06 8.74117e-07 1.96626e-06 9.95711e-06 1.10681e-03 2.20865e-06 2.23806e-04 3.53281e-06 9.11374e-06 2.60478e-05 5.42280e-07 7.31679e-06 1.41233e-04 5.27905e-07 4.43400e-05 3.37667e-06 
2.28013e-07 5.89919e-06 4.20886e-07 1.00681e-05 2.20865e-06 9.12999e-04 9.47305e-05 9.88683e-06 1.58930e-07 1.03142e-04 2.59560e-07 5.77261e-06 8.79069e-06 3.29960e-06 4.93683e-06 1.27891e-05 
4.55671e-05 1.85853e-05 9.38480e-05 3.72894e-03 2.23806e-04 9.47305e-05 2.38067e-01 1.02530e-04 1.14430e-05 4.87746e-03 1.10282e-04 1.61994e-03 1.00025e-02 2.95311e-05 7.72732e-03 1.47704e-04 
3.37028e-07 2.75133e-07 7.66699e-07 3.98520e-05 3.53281e-06 9.88683e-06 1.02530e-04 2.78157e-03 9.30422e-08 1.43596e-05 1.84487e-07 3.56300e-05 2.56485e-05 2.71052e-05 8.76713e-06 9.28784e-06 
5.43877e-06 1.71689e-05 3.03557e-05 1.19074e-05 9.11374e-06 1.58930e-07 1.14430e-05 9.30422e-08 3.29041e-03 8.25763e-05 5.18181e-05 3.55281e-05 3.04975e-05 1.25387e-07 6.51455e-06 2.94301e-07 
1.45400e-04 2.11823e-04 1.72915e-05 9.55970e-03 2.60478e-05 1.03142e-04 4.87746e-03 1.43596e-05 8.25763e-05 2.55631e-01 1.32375e-04 6.07133e-03 2.40395e-03 1.11969e-04 1.16074e-03 6.99753e-05 
4.07069e-06 1.40562e-06 6.75766e-05 1.60344e-05 5.42280e-07 2.59560e-07 1.10282e-04 1.84487e-07 5.18181e-05 1.32375e-04 2.28884e-03 6.01036e-05 1.59677e-05 5.36690e-07 6.10996e-05 7.43539e-07 
2.47955e-05 4.55316e-05 1.83792e-05 2.63280e-03 7.31679e-06 5.77261e-06 1.61994e-03 3.56300e-05 3.55281e-05 6.07133e-03 6.01036e-05 6.45837e-02 5.72280e-04 1.01902e-04 6.15593e-04 1.02536e-04 
7.25246e-05 1.37670e-05 1.47310e-05 2.29151e-03 1.41233e-04 8.79069e-06 1.00025e-02 2.56485e-05 3.04975e-05 2.40395e-03 1.59677e-05 5.72280e-04 1.27496e-01 7.66057e-05 3.10837e-03 1.67351e-04 
8.14219e-07 4.64732e-06 1.67676e-06 1.40833e-05 5.27905e-07 3.29960e-06 2.95311e-05 2.71052e-05 1.25387e-07 1.11969e-04 5.36690e-07 1.01902e-04 7.66057e-05 5.36119e-04 1.89255e-05 7.23724e-05 
2.30868e-05 6.57724e-06 3.89032e-05 6.78729e-04 4.43400e-05 4.93683e-06 7.72732e-03 8.76713e-06 6.51455e-06 1.16074e-03 6.10996e-05 6.15593e-04 3.10837e-03 1.89255e-05 6.07638e-02 5.75108e-05 
5.55058e-06 5.58013e-06 2.82281e-06 2.20129e-04 3.37667e-06 1.27891e-05 1.47704e-04 9.28784e-06 2.94301e-07 6.99753e-05 7.43539e-07 1.02536e-04 1.67351e-04 7.23724e-05 5.75108e-05 3.28588e-03 

