RIBOSUM

	A	C	G	U
A	2.34
C	-2.63	1.40
G	-2.28	-3.10	1.24
U	-2.29	-1.41	-2.52	1.84


	AA	AC	AG	AU	CA	CC	CG	CU	GA	GC	GG	GU	UA	UC	UG	UU
AA	-1.05
AC	-9.00	-1.27
AG	-8.04	-10.16	-1.74
AU	-5.17	-4.16	-5.79	4.91
CA	-9.65	-10.63	-9.85	-6.75	-1.47
CC	-12.54	-8.30	-12.08	-7.14	-9.86	-1.52
CG	-5.72	-6.18	-4.79	0.69	-3.22	-4.95	5.67
CU	-10.50	-11.37	-9.10	-5.50	-8.43	-7.25	-4.82	-0.08
GA	-8.52	-7.73	-7.65	-7.12	-7.83	-13.65	-5.46	-9.06	-0.67
GC	-5.27	-3.92	-6.66	1.90	-6.01	-4.25	1.11	-6.98	-4.50	5.83
GG	-10.44	-11.11	-5.08	-7.21	-12.37	-13.84	-4.87	-12.98	-7.56	-5.19	-1.82
GU	-6.83	-5.76	-7.99	0.06	-8.03	-8.18	-1.30	-6.42	-6.63	0.66	-6.26	3.65
UA	-4.61	-6.21	-6.71	0.47	-3.73	-7.32	2.02	-5.82	-5.66	0.43	-6.94	-1.90	5.19
UC	-10.99	-8.20	-9.70	-6.33	-9.55	-7.81	-6.18	-4.74	-8.43	-4.64	-12.11	-4.91	-3.96	-2.67
UG	-6.61	-7.62	-6.48	-1.80	-6.19	-8.86	0.81	-8.11	-8.17	-1.18	-5.71	-2.70	0.29	-6.88	3.53
UU	-9.45	-7.29	-10.18	-3.71	-8.01	-6.13	-4.23	-6.05	-12.26	-4.44	-11.31	-4.84	-4.09	-4.54	-5.08	-0.02


BASE FREQUENCIES
2.53094e-01 2.20772e-01 2.94042e-01 2.32092e-01 

BASE PAIR FREQUENCIES
2.72348e-03 1.99686e-03 2.44348e-03 1.35802e-01 
2.07886e-03 1.30347e-03 2.56871e-01 2.92317e-03 
4.16172e-03 2.76405e-01 2.96879e-03 7.45698e-02 
1.57287e-01 1.25346e-03 7.30711e-02 4.14166e-03 


BASE MATCH FREQUENCIES
3.24021e-01 9.00957e-03 1.53583e-02 1.19924e-02 9.00957e-03 1.28503e-01 7.59480e-03 1.93444e-02 1.53583e-02 7.59480e-03 2.04068e-01 1.19351e-02 1.19924e-02 1.93444e-02 1.19351e-02 1.92938e-01 

BASE PAIR MATCH FREQUENCIES
1.98428e-03 7.01010e-06 1.80597e-05 1.04803e-04 4.44894e-06 5.25403e-07 7.88759e-05 2.25923e-06 1.29517e-05 1.07816e-04 3.99139e-06 3.83088e-05 1.53852e-04 1.60880e-06 4.48118e-05 4.94012e-06 
7.01010e-06 1.29422e-03 3.62224e-06 1.83741e-04 1.97361e-06 8.67071e-06 5.02004e-05 1.08163e-06 1.95685e-05 2.39016e-04 2.19236e-06 7.02818e-05 4.42846e-05 9.75405e-06 1.94402e-05 1.91923e-05 
1.80597e-05 3.62224e-06 1.65481e-03 7.89025e-05 4.51376e-06 8.37630e-07 1.74520e-04 6.92851e-06 2.75875e-05 4.78066e-05 1.89666e-04 1.99947e-05 4.16508e-05 4.57362e-06 5.70805e-05 3.46761e-06 
1.04803e-04 1.83741e-04 7.89025e-05 1.04039e-01 3.05571e-05 2.02312e-05 6.13352e-03 6.64737e-05 3.13694e-05 1.42409e-02 3.42589e-05 4.19141e-03 4.77401e-03 3.75079e-05 1.14952e-03 2.41802e-04 
4.44894e-06 1.97361e-06 4.51376e-06 3.05571e-05 1.12965e-03 2.93456e-06 3.89156e-04 8.30113e-06 1.82534e-05 5.62093e-05 9.14778e-07 1.46324e-05 2.48121e-04 3.81873e-06 5.20925e-05 1.16745e-05 
5.25403e-07 8.67071e-06 8.37630e-07 2.02312e-05 2.93456e-06 8.29031e-04 1.02592e-04 1.64403e-05 2.81847e-07 1.65875e-04 2.87623e-07 1.14627e-05 1.78829e-05 1.11086e-05 7.15149e-06 3.76123e-05 
7.88759e-05 5.02004e-05 1.74520e-04 6.13352e-03 3.89156e-04 1.02592e-04 2.14718e-01 1.17855e-04 1.09784e-04 9.08966e-03 1.91825e-04 1.79665e-03 1.54502e-02 4.59887e-05 7.79182e-03 1.85756e-04 
2.25923e-06 1.08163e-06 6.92851e-06 6.64737e-05 8.30113e-06 1.64403e-05 1.17855e-04 2.47863e-03 7.15370e-06 2.63000e-05 5.48167e-07 4.08642e-05 5.34299e-05 9.79809e-05 1.26799e-05 4.15448e-05 
1.29517e-05 1.95685e-05 2.75875e-05 3.13694e-05 1.82534e-05 2.81847e-07 1.09784e-04 7.15370e-06 3.48995e-03 2.13358e-04 3.40041e-05 5.12507e-05 8.66530e-05 1.10807e-05 1.75862e-05 8.16900e-07 
1.07816e-04 2.39016e-04 4.78066e-05 1.42409e-02 5.62093e-05 1.65875e-04 9.08966e-03 2.63000e-05 2.13358e-04 2.40537e-01 1.54015e-04 6.98946e-03 5.15076e-03 1.33697e-04 1.94955e-03 1.61242e-04 
3.99139e-06 2.19236e-06 1.89666e-04 3.42589e-05 9.14778e-07 2.87623e-07 1.91825e-04 5.48167e-07 3.40041e-05 1.54015e-04 2.11899e-03 7.69721e-05 4.12653e-05 9.99769e-07 1.12368e-04 1.83795e-06 
3.83088e-05 7.02818e-05 1.99947e-05 4.19141e-03 1.46324e-05 1.14627e-05 1.79665e-03 4.08642e-05 5.12507e-05 6.98946e-03 7.69721e-05 5.86552e-02 1.07629e-03 1.16407e-04 7.18703e-04 1.28411e-04 
1.53852e-04 4.42846e-05 4.16508e-05 4.77401e-03 2.48121e-04 1.78829e-05 1.54502e-02 5.34299e-05 8.66530e-05 5.15076e-03 4.12653e-05 1.07629e-03 1.26104e-01 1.93230e-04 4.91355e-03 1.85979e-04 
1.60880e-06 9.75405e-06 4.57362e-06 3.75079e-05 3.81873e-06 1.11086e-05 4.59887e-05 9.79809e-05 1.10807e-05 1.33697e-04 9.99769e-07 1.16407e-04 1.93230e-04 4.13834e-04 2.97218e-05 1.18641e-04 
4.48118e-05 1.94402e-05 5.70805e-05 1.14952e-03 5.20925e-05 7.15149e-06 7.79182e-03 1.26799e-05 1.75862e-05 1.94955e-03 1.12368e-04 7.18703e-04 4.91355e-03 2.97218e-05 5.39272e-02 1.08870e-04 
4.94012e-06 1.91923e-05 3.46761e-06 2.41802e-04 1.16745e-05 3.76123e-05 1.85756e-04 4.15448e-05 8.16900e-07 1.61242e-04 1.83795e-06 1.28411e-04 1.85979e-04 1.18641e-04 1.08870e-04 2.86603e-03 

