RIBOSUM

	A	C	G	U
A	2.31
C	-4.24	1.78
G	-3.89	-4.63	1.49
U	-3.50	-2.49	-4.20	1.91


	AA	AC	AG	AU	CA	CC	CG	CU	GA	GC	GG	GU	UA	UC	UG	UU
AA	-0.14
AC	-8.00	-0.40
AG	-7.22	-9.89	-1.14
AU	-5.32	-5.14	-7.91	5.15
CA	-9.39	-11.47	-10.75	-9.51	-0.75
CC	-13.81	-8.44	-14.20	-9.37	-10.75	-0.38
CG	-7.31	-8.44	-5.40	-1.85	-4.06	-5.43	6.02
CU	-14.20	-14.03	-13.28	-6.09	-10.53	-6.71	-5.50	0.38
GA	-9.02	-12.94	-10.05	-9.38	-10.32	-17.01	-9.61	-15.98	-0.72
GC	-5.85	-3.82	-8.84	-0.04	-8.65	-4.70	-1.22	-7.97	-6.24	6.14
GG	-9.81	-11.19	-6.92	-9.05	-9.74	-14.45	-5.73	-14.60	-8.92	-4.70	-1.77
GU	-8.20	-6.78	-8.77	-1.42	-9.91	-9.68	-3.27	-6.71	-6.62	0.04	-6.48	3.86
UA	-5.68	-9.08	-9.24	-2.33	-4.51	-8.87	0.00	-8.36	-7.62	-2.42	-8.94	-4.53	5.24
UC	-11.72	-9.11	-11.63	-9.45	-13.13	-6.70	-7.66	-8.37	-15.42	-4.69	-12.83	-6.53	-5.48	-1.27
UG	-8.63	-9.50	-6.39	-4.43	-6.72	-10.37	-0.01	-9.79	-9.84	-3.47	-6.46	-4.75	-1.53	-8.11	3.80
UU	-11.51	-9.29	-10.17	-4.62	-10.63	-10.12	-5.56	-6.62	-15.86	-6.31	-13.10	-5.73	-4.47	-5.46	-5.65	0.31


BASE FREQUENCIES
2.61189e-01 2.14712e-01 2.75574e-01 2.48525e-01 

BASE PAIR FREQUENCIES
4.71927e-03 2.83139e-03 2.66201e-03 1.57585e-01 
2.33552e-03 1.88828e-03 2.38536e-01 3.94173e-03 
3.30560e-03 2.57077e-01 2.14493e-03 7.47793e-02 
1.67922e-01 1.61515e-03 7.31147e-02 5.54216e-03 


BASE MATCH FREQUENCIES
3.37533e-01 2.96121e-03 4.84972e-03 5.73142e-03 2.96121e-03 1.58692e-01 2.38532e-03 9.48243e-03 4.84972e-03 2.38532e-03 2.12823e-01 3.73910e-03 5.73142e-03 9.48243e-03 3.73910e-03 2.32654e-01 

BASE PAIR MATCH FREQUENCIES
4.20952e-03 1.49105e-05 3.28730e-05 1.10621e-04 5.70300e-06 2.18916e-07 2.54961e-05 1.93196e-07 9.46583e-06 6.99178e-05 5.76982e-06 1.58346e-05 8.61656e-05 1.08218e-06 1.18082e-05 1.44443e-06 
1.49105e-05 2.37766e-03 4.25503e-06 1.03558e-04 1.11220e-06 7.44362e-06 9.56317e-06 1.79148e-07 5.13156e-07 2.34660e-04 1.82583e-06 3.50294e-05 6.72601e-06 5.40606e-06 5.30937e-06 5.52196e-06 
3.28730e-05 4.25503e-06 2.34378e-03 1.93658e-05 2.34922e-06 1.75713e-07 1.01197e-04 3.87254e-07 4.89430e-06 9.26297e-06 4.51453e-05 1.12925e-05 7.70891e-06 1.20944e-06 5.88180e-05 3.84900e-06 
1.10621e-04 1.03558e-04 1.93658e-05 1.49343e-01 5.00360e-06 4.53442e-06 1.06591e-03 5.07503e-05 7.00974e-06 3.74613e-03 9.29242e-06 1.66262e-03 8.39240e-04 4.95481e-06 2.06497e-04 1.63207e-04 
5.70300e-06 1.11220e-06 2.34922e-06 5.00360e-06 1.86725e-03 1.49975e-06 1.99170e-04 2.01695e-06 3.15850e-06 8.24466e-06 4.99463e-06 3.98220e-06 1.60005e-04 3.32739e-07 3.63428e-05 2.19327e-06 
2.18916e-07 7.44362e-06 1.75713e-07 4.53442e-06 1.49975e-06 1.63214e-03 6.32663e-05 2.34784e-05 2.52147e-08 1.04728e-04 1.56832e-07 3.83760e-06 6.41481e-06 2.37100e-05 2.38199e-06 2.55553e-06 
2.54961e-05 9.56317e-06 1.01197e-04 1.06591e-03 1.99170e-04 6.32663e-05 2.27490e-01 6.97264e-05 5.45222e-06 1.49840e-03 8.45970e-05 4.20915e-04 3.84156e-03 1.55698e-05 4.01171e-03 7.75752e-05 
1.93196e-07 1.79148e-07 3.87254e-07 5.07503e-05 2.01695e-06 2.34784e-05 6.97264e-05 3.70951e-03 5.92843e-08 1.25915e-05 1.63509e-07 3.48278e-05 1.05701e-05 8.63562e-06 4.12735e-06 3.35709e-05 
9.46583e-06 5.13156e-07 4.89430e-06 7.00974e-06 3.15850e-06 2.52147e-08 5.45222e-06 5.92843e-08 3.14672e-03 5.64883e-05 1.12864e-05 5.02647e-05 2.37619e-05 8.78095e-08 5.38085e-06 7.47217e-08 
6.99178e-05 2.34660e-04 9.26297e-06 3.74613e-03 8.24466e-06 1.04728e-04 1.49840e-03 1.25915e-05 5.64883e-05 2.47145e-01 1.72468e-04 4.15489e-03 7.15243e-04 1.22190e-04 3.66258e-04 4.60083e-05 
5.76982e-06 1.82583e-06 4.51453e-05 9.29242e-06 4.99463e-06 1.56832e-07 8.45970e-05 1.63509e-07 1.12864e-05 1.72468e-04 1.69393e-03 5.84604e-05 1.00429e-05 5.54866e-07 5.91151e-05 5.32479e-07 
1.58346e-05 3.50294e-05 1.12925e-05 1.66262e-03 3.98220e-06 3.83760e-06 4.20915e-04 3.48278e-05 5.02647e-05 4.15489e-03 5.84604e-05 6.81192e-02 1.92058e-04 3.96360e-05 1.74667e-04 7.95677e-05 
8.61656e-05 6.72601e-06 7.70891e-06 8.39240e-04 1.60005e-04 6.41481e-06 3.84156e-03 1.05701e-05 2.37619e-05 7.15243e-04 1.00429e-05 1.92058e-04 1.59644e-01 7.77991e-05 1.53709e-03 1.80697e-04 
1.08218e-06 5.40606e-06 1.20944e-06 4.95481e-06 3.32739e-07 2.37100e-05 1.55698e-05 8.63562e-06 8.78095e-08 1.22190e-04 5.54866e-07 3.96360e-05 7.77991e-05 1.18234e-03 1.32042e-05 7.50590e-05 
1.18082e-05 5.30937e-06 5.88180e-05 2.06497e-04 3.63428e-05 2.38199e-06 4.01171e-03 4.12735e-06 5.38085e-06 3.66258e-04 5.91151e-05 1.74667e-04 1.53709e-03 1.32042e-05 6.55149e-02 8.43833e-05 
1.44443e-06 5.52196e-06 3.84900e-06 1.63207e-04 2.19327e-06 2.55553e-06 7.75752e-05 3.35709e-05 7.47217e-08 4.60083e-05 5.32479e-07 7.95677e-05 1.80697e-04 7.50590e-05 8.43833e-05 4.71462e-03 

