RIBOSUM

	A	C	G	U
A	2.19
C	-1.73	1.08
G	-1.36	-2.36	1.02
U	-1.28	-0.91	-1.67	1.62
E:
H:

	AA	AC	AG	AU	CA	CC	CG	CU	GA	GC	GG	GU	UA	UC	UG	UU
AA	-2.16
AC	-8.04	-1.81
AG	-8.42	-9.82	-1.95
AU	-4.70	-2.18	-5.89	4.43
CA	-9.05	-10.58	-10.89	-5.49	-2.52
CC	-11.76	-8.21	-13.59	-5.91	-10.41	-2.95
CG	-4.61	-5.57	-4.80	1.78	-3.20	-4.72	5.37
CU	-11.04	-9.35	-8.98	-4.83	-7.81	-5.39	-4.45	-0.92
GA	-7.22	-9.76	-7.78	-5.64	-7.35	-12.66	-4.20	-7.64	-1.11
GC	-5.03	-3.62	-5.28	2.71	-5.50	-3.59	2.26	-5.48	-4.04	5.63
GG	-8.60	-9.20	-5.34	-5.51	-11.08	-12.74	-4.72	-12.25	-6.19	-3.67	-2.01
GU	-5.85	-4.65	-6.67	0.61	-7.17	-7.52	-0.23	-4.96	-6.14	1.34	-5.88	3.39
UA	-3.97	-5.54	-6.19	1.58	-2.83	-6.30	2.80	-4.54	-5.06	1.66	-6.02	-0.65	4.87
UC	-10.20	-8.08	-8.38	-4.95	-8.22	-7.29	-5.34	-3.98	-6.59	-4.22	-11.16	-5.01	-3.12	-3.50
UG	-6.05	-7.12	-5.75	-0.62	-5.53	-8.09	1.28	-7.03	-7.10	-0.01	-4.86	-2.12	0.96	-5.89	3.22
UU	-8.79	-6.84	-9.97	-3.19	-8.23	-5.58	-3.36	-4.39	-10.02	-3.61	-10.84	-4.36	-3.45	-5.81	-3.96	-0.30
E:
H:

BASE FREQUENCIES
0.256153 0.221806 0.298726 0.223315 

BASE PAIR FREQUENCIES
0.00211245 0.00231004 0.00270985 0.130479 
0.00186872 0.000988964 0.259561 0.00234274 
0.00414029 0.284081 0.00339011 0.0721676 
0.155903 0.0013528 0.0727091 0.00388393 

BASE MATCH FREQUENCIES
0.30014 0.0170902 0.0298376 0.0236228 0.0170902 0.104045 0.0128948 0.0263926 0.0298376 0.0128948 0.180666 0.02102 0.0236228 0.0263926 0.02102 0.153433 

BASE PAIR MATCH FREQUENCIES
0.000963832 1.41328e-05 1.46582e-05 0.000144726 7.0092e-06 9.31196e-07 0.000178358 1.54199e-06 3.35754e-05 0.000132709 1.5108e-05 7.59957e-05 0.000239208 2.76005e-06 6.59446e-05 7.41439e-06 
1.41328e-05 0.000919894 4.81411e-06 0.000718267 2.10945e-06 9.4474e-06 7.9422e-05 4.29906e-06 5.00615e-06 0.000305172 8.64927e-06 0.000150444 7.00415e-05 1.04084e-05 2.73139e-05 2.47871e-05 
1.46582e-05 4.81411e-06 0.00152002 7.38446e-05 2.28843e-06 3.04938e-07 0.000181908 7.48365e-06 2.66187e-05 0.000130768 0.000168223 5.02716e-05 6.00037e-05 1.13782e-05 9.50796e-05 3.79815e-06 
0.000144726 0.000718267 7.38446e-05 0.0703022 7.23761e-05 4.68694e-05 0.0129949 9.99494e-05 8.80525e-05 0.0247799 0.00011212 0.00583345 0.00975312 9.1396e-05 0.00248266 0.000313581 
7.0092e-06 2.10945e-06 2.28843e-06 7.23761e-05 0.000564482 2.05144e-06 0.000409806 1.25737e-05 2.67118e-05 8.33094e-05 2.34881e-06 2.63808e-05 0.000458431 9.4114e-06 8.19009e-05 9.42717e-06 
9.31196e-07 9.4474e-06 3.04938e-07 4.68694e-05 2.05144e-06 0.000312211 0.000124113 5.82142e-05 5.80937e-07 0.00027039 6.42921e-07 1.7834e-05 3.57045e-05 1.55227e-05 1.20478e-05 5.14138e-05 
0.000178358 7.9422e-05 0.000181908 0.0129949 0.000409806 0.000124113 0.182177 0.000149776 0.000275193 0.0209936 0.000224845 0.00376664 0.0264295 8.10611e-05 0.0107372 0.000321181 
1.54199e-06 4.29906e-06 7.48365e-06 9.99494e-05 1.25737e-05 5.82142e-05 0.000149776 0.00129536 1.90215e-05 7.34495e-05 9.06022e-07 0.000106066 0.000121542 0.000154971 2.52603e-05 0.000117586 
3.35754e-05 5.00615e-06 2.66187e-05 8.80525e-05 2.67118e-05 5.80937e-07 0.000275193 1.90215e-05 0.00270558 0.000308907 9.36115e-05 7.26006e-05 0.000131018 3.93672e-05 3.72235e-05 3.6738e-06 
0.000132709 0.000305172 0.000130768 0.0247799 8.33094e-05 0.00027039 0.0209936 7.34495e-05 0.000308907 0.218131 0.000465187 0.0111769 0.0119898 0.000175762 0.00437819 0.000270953 
1.5108e-05 8.64927e-06 0.000168223 0.00011212 2.34881e-06 6.42921e-07 0.000224845 9.06022e-07 9.36115e-05 0.000465187 0.00197534 0.000101434 7.86073e-05 1.93566e-06 0.00020475 2.42629e-06 
7.59957e-05 0.000150444 5.02716e-05 0.00583345 2.63808e-05 1.7834e-05 0.00376664 0.000106066 7.26006e-05 0.0111769 0.000101434 0.0465562 0.00243097 0.000102348 0.00102627 0.000162338 
0.000239208 7.00415e-05 6.00037e-05 0.00975312 0.000458431 3.57045e-05 0.0264295 0.000121542 0.000131018 0.0119898 7.86073e-05 0.00243097 0.0953725 0.000324844 0.00744236 0.000261524 
2.76005e-06 1.04084e-05 1.13782e-05 9.1396e-05 9.4114e-06 1.55227e-05 8.10611e-05 0.000154971 3.93672e-05 0.000175762 1.93566e-06 0.000102348 0.000324844 0.000217471 5.58717e-05 4.4139e-05 
6.59446e-05 2.73139e-05 9.50796e-05 0.00248266 8.19009e-05 1.20478e-05 0.0107372 2.52603e-05 3.72235e-05 0.00437819 0.00020475 0.00102627 0.00744236 5.58717e-05 0.0414944 0.00021391 
7.41439e-06 2.47871e-05 3.79815e-06 0.000313581 9.42717e-06 5.14138e-05 0.000321181 0.000117586 3.6738e-06 0.000270953 2.42629e-06 0.000162338 0.000261524 4.4139e-05 0.00021391 0.00201596 

