RIBOSUM

	A	C	G	U
A	1.20
C	-0.54	0.84
G	-0.35	-1.03	0.74
U	-0.45	-0.31	-0.67	0.70


	AA	AC	AG	AU	CA	CC	CG	CU	GA	GC	GG	GU	UA	UC	UG	UU
AA	-5.27
AC	-11.66	-2.98
AG	-10.30	-11.40	-3.71
AU	-5.31	-1.98	-4.67	3.49
CA	-10.74	-11.30	-12.05	-5.63	-4.66
CC	-12.97	-8.96	-12.67	-3.27	-12.17	-4.12
CG	-3.82	-4.99	-1.83	2.50	-2.79	-5.38	5.67
CU	-12.01	-10.10	-5.39	-3.86	-10.47	-5.11	-3.25	-2.81
GA	-6.79	-9.64	-9.37	-4.12	-5.30	-11.51	-4.74	-5.08	-3.50
GC	-3.47	-3.18	-4.03	3.47	-4.18	-3.86	3.32	-2.29	-2.03	5.94
GG	-11.25	-10.94	-4.45	-5.43	-12.03	-11.83	-4.77	-10.88	-7.35	-4.16	-3.92
GU	-6.00	-3.73	-6.41	0.88	-6.74	-6.78	0.79	-3.44	-6.60	1.90	-4.79	2.79
UA	-3.38	-5.97	-3.46	1.92	-2.77	-5.28	3.55	-2.83	-3.58	2.60	-5.57	0.17	3.97
UC	-14.00	-10.83	-10.72	-5.81	-10.78	-10.28	-5.18	-7.06	-8.81	-4.39	-13.05	-5.92	-3.93	-6.62
UG	-4.77	-4.61	-5.13	-0.49	-5.98	-8.61	1.60	-5.43	-7.42	0.36	-5.52	-1.04	1.06	-4.40	2.75
UU	-12.22	-9.29	-10.74	-3.55	-8.29	-8.95	-2.19	-5.57	-10.93	-2.56	-11.59	-3.09	-1.78	-6.39	-2.65	-1.79


BASE FREQUENCIES
2.91921e-01 1.89088e-01 2.55137e-01 2.63854e-01 

BASE PAIR FREQUENCIES
3.10991e-03 2.27416e-03 2.97950e-03 1.78985e-01 
1.96827e-03 9.39753e-04 2.13075e-01 2.84370e-03 
3.24662e-03 2.37350e-01 2.00344e-03 7.12491e-02 
2.00765e-01 1.39651e-03 7.20200e-02 5.79422e-03 


BASE MATCH FREQUENCIES
1.96148e-01 3.80898e-02 5.83500e-02 5.64444e-02 3.80898e-02 6.39928e-02 2.35964e-02 4.02152e-02 5.83500e-02 2.35964e-02 1.08453e-01 4.23146e-02 5.64444e-02 4.02152e-02 4.23146e-02 1.13386e-01 

BASE PAIR MATCH FREQUENCIES
1.87753e-04 1.45481e-06 5.02513e-06 1.65530e-04 2.75980e-06 3.80343e-07 2.90788e-04 1.03253e-06 5.72331e-05 3.71054e-04 2.27845e-06 8.97725e-05 6.31322e-04 2.58958e-07 2.09708e-04 1.24540e-06 
1.45481e-06 3.85791e-04 1.52246e-06 1.07793e-03 1.20597e-06 3.97322e-06 8.36372e-05 2.50991e-06 5.16166e-06 2.93890e-04 1.82749e-06 2.80850e-04 6.78580e-05 1.50851e-06 1.51931e-04 6.13561e-06 
5.02513e-06 1.52246e-06 4.23663e-04 2.24885e-04 9.67155e-07 4.09651e-07 1.00733e-03 8.87773e-05 8.37834e-06 2.20312e-04 2.21998e-04 5.88422e-05 5.22867e-04 2.20012e-06 1.42753e-04 3.02213e-06 
1.65530e-04 1.07793e-03 2.24885e-04 6.68752e-02 8.55962e-05 2.84672e-04 2.09889e-02 2.64358e-04 3.30449e-04 4.12665e-02 1.16594e-04 9.56142e-03 2.25183e-02 6.85941e-05 3.69104e-03 4.58018e-04 
2.75980e-06 1.20597e-06 9.67155e-07 8.55962e-05 1.20776e-04 4.28309e-07 3.86133e-04 1.94267e-06 1.04546e-04 1.46770e-04 8.59413e-07 3.46697e-05 6.25434e-04 1.56268e-06 5.88660e-05 1.22688e-05 
3.80343e-07 3.97322e-06 4.09651e-07 2.84672e-04 4.28309e-07 7.35962e-05 4.15152e-05 5.18012e-05 9.12724e-07 1.18485e-04 6.40076e-07 2.19503e-05 7.08293e-05 1.43857e-06 6.16453e-06 5.03877e-06 
2.90788e-04 8.36372e-05 1.00733e-03 2.09889e-02 3.86133e-04 4.15152e-05 1.18520e-01 2.52381e-04 1.34239e-04 2.32534e-02 1.15247e-04 5.61826e-03 4.33822e-02 6.62745e-05 9.85931e-03 7.36965e-04 
1.03253e-06 2.50991e-06 8.87773e-05 2.64358e-04 1.94267e-06 5.18012e-05 2.52381e-04 3.56083e-04 1.09960e-04 4.91545e-04 1.72435e-06 3.10216e-04 5.41069e-04 1.86412e-05 7.76788e-05 7.30595e-05 
5.72331e-05 5.16166e-06 8.37834e-06 3.30449e-04 1.04546e-04 9.12724e-07 1.34239e-04 1.09960e-04 4.90918e-04 8.82596e-04 2.97774e-05 5.18566e-05 4.78862e-04 8.28488e-06 2.93049e-05 2.66193e-06 
3.71054e-04 2.93890e-04 2.20312e-04 4.12665e-02 1.46770e-04 1.18485e-04 2.32534e-02 4.91545e-04 8.82596e-04 1.43151e-01 1.75252e-04 1.21228e-02 2.24689e-02 1.14899e-04 4.16247e-03 5.71023e-04 
2.27845e-06 1.82749e-06 2.21998e-04 1.16594e-04 8.59413e-07 6.40076e-07 1.15247e-04 1.72435e-06 2.97774e-05 1.75252e-04 2.80609e-04 1.57902e-04 1.05200e-04 3.81995e-07 9.54066e-05 1.47179e-06 
8.97725e-05 2.80850e-04 5.88422e-05 9.56142e-03 3.46697e-05 2.19503e-05 5.61826e-03 3.10216e-04 5.18566e-05 1.21228e-02 1.57902e-04 3.13906e-02 5.82599e-03 5.53051e-05 2.20530e-03 5.49537e-04 
6.31322e-04 6.78580e-05 5.22867e-04 2.25183e-02 6.25434e-04 7.08293e-05 4.33822e-02 5.41069e-04 4.78862e-04 2.24689e-02 1.05200e-04 5.82599e-03 9.31376e-02 2.51722e-04 1.07933e-02 1.55777e-03 
2.58958e-07 1.50851e-06 2.20012e-06 6.85941e-05 1.56268e-06 1.43857e-06 6.62745e-05 1.86412e-05 8.28488e-06 1.14899e-04 3.81995e-07 5.53051e-05 2.51722e-04 2.52567e-05 1.58935e-04 4.13481e-05 
2.09708e-04 1.51931e-04 1.42753e-04 3.69104e-03 5.88660e-05 6.16453e-06 9.85931e-03 7.76788e-05 2.93049e-05 4.16247e-03 9.54066e-05 2.20530e-03 1.07933e-02 1.58935e-04 3.05297e-02 7.44632e-04 
1.24540e-06 6.13561e-06 3.02213e-06 4.58018e-04 1.22688e-05 5.03877e-06 7.36965e-04 7.30595e-05 2.66193e-06 5.71023e-04 1.47179e-06 5.49537e-04 1.55777e-03 4.13481e-05 7.44632e-04 1.40326e-03 

