RIBOSUM

	A	C	G	U
A	2.27
C	-1.92	1.15
G	-1.56	-2.56	1.06
U	-1.50	-1.04	-1.87	1.71


	AA	AC	AG	AU	CA	CC	CG	CU	GA	GC	GG	GU	UA	UC	UG	UU
AA	-2.12
AC	-9.05	-2.08
AG	-8.27	-9.85	-1.81
AU	-4.94	-2.40	-6.02	4.54
CA	-9.82	-10.63	-10.51	-6.02	-2.63
CC	-13.21	-9.35	-13.45	-6.43	-10.66	-2.79
CG	-5.06	-5.74	-4.85	1.64	-3.43	-4.95	5.39
CU	-11.47	-9.39	-8.14	-5.23	-7.70	-6.09	-4.60	-0.92
GA	-8.30	-9.11	-7.65	-6.10	-8.10	-12.30	-4.00	-7.01	-0.96
GC	-5.18	-3.77	-5.47	2.60	-5.89	-4.04	2.06	-5.85	-3.97	5.63
GG	-9.60	-9.28	-5.66	-5.96	-11.15	-12.64	-4.60	-12.18	-6.44	-3.90	-1.98
GU	-6.42	-4.60	-6.92	0.41	-7.48	-7.77	-0.39	-5.39	-6.25	1.18	-5.86	3.49
UA	-4.36	-5.73	-6.13	1.54	-3.02	-6.67	2.68	-4.29	-5.18	1.50	-6.18	-0.76	4.99
UC	-11.03	-8.21	-8.04	-5.45	-8.03	-7.92	-5.59	-3.89	-6.55	-4.45	-11.78	-5.11	-2.93	-3.41
UG	-6.16	-7.30	-5.81	-0.78	-6.12	-8.32	1.14	-7.16	-7.16	-0.16	-4.67	-2.22	0.91	-6.12	3.30
UU	-9.77	-7.08	-9.96	-3.67	-8.56	-6.41	-3.57	-4.31	-11.18	-3.93	-10.79	-4.76	-3.52	-5.42	-4.33	-0.13


BASE FREQUENCIES
2.53858e-01 2.23872e-01 3.01345e-01 2.20925e-01 

BASE PAIR FREQUENCIES
1.86076e-03 2.02012e-03 2.77934e-03 1.27857e-01 
1.62805e-03 9.00477e-04 2.61561e-01 2.25512e-03 
4.40097e-03 2.86050e-01 3.40947e-03 7.30015e-02 
1.54815e-01 1.34766e-03 7.23757e-02 3.73796e-03 


BASE MATCH FREQUENCIES
3.10860e-01 1.50065e-02 2.59302e-02 1.98266e-02 1.50065e-02 1.10886e-01 1.14073e-02 2.40156e-02 2.59302e-02 1.14073e-02 1.89872e-01 1.82584e-02 1.98266e-02 2.40156e-02 1.82584e-02 1.59494e-01 

BASE PAIR MATCH FREQUENCIES
9.58524e-04 6.90226e-06 1.59357e-05 1.17917e-04 4.04112e-06 3.41729e-07 1.30047e-04 1.12287e-06 1.56074e-05 1.20135e-04 7.55361e-06 5.02358e-05 1.76312e-04 1.52236e-06 5.99926e-05 3.60433e-06 
6.90226e-06 7.64607e-04 4.71378e-06 6.05319e-04 2.03990e-06 4.37375e-06 7.16387e-05 4.17547e-06 7.88651e-06 2.81121e-04 8.32696e-06 1.56016e-04 6.00244e-05 9.46107e-06 2.40921e-05 2.05347e-05 
1.59357e-05 4.71378e-06 1.67289e-03 6.60881e-05 2.97777e-06 3.41552e-07 1.78562e-04 1.34502e-05 2.91031e-05 1.16452e-04 1.37605e-04 4.21238e-05 6.13373e-05 1.44248e-05 9.06966e-05 3.73823e-06 
1.17917e-04 6.05319e-04 6.60881e-05 7.29776e-02 4.90977e-05 3.26395e-05 1.18211e-02 7.36848e-05 6.24674e-05 2.29458e-02 8.18179e-05 4.95407e-03 9.11908e-03 6.32568e-05 2.16879e-03 2.15323e-04 
4.04112e-06 2.03990e-06 2.97777e-06 4.90977e-05 5.20628e-04 1.76458e-06 3.55650e-04 1.35246e-05 1.58990e-05 6.46088e-05 2.27840e-06 2.11679e-05 3.92268e-04 1.07590e-05 5.43148e-05 7.32497e-06 
3.41729e-07 4.37375e-06 3.41552e-07 3.26395e-05 1.76458e-06 3.63066e-04 1.09390e-04 3.64062e-05 7.59600e-07 2.04854e-04 7.13608e-07 1.53293e-05 2.76501e-05 1.02329e-05 1.04313e-05 2.87262e-05 
1.30047e-04 7.16387e-05 1.78562e-04 1.18211e-02 3.55650e-04 1.09390e-04 1.91290e-01 1.38054e-04 3.22667e-04 1.89417e-02 2.53021e-04 3.42619e-03 2.42161e-02 6.95057e-05 9.89875e-03 2.77105e-04 
1.12287e-06 4.17547e-06 1.34502e-05 7.36848e-05 1.35246e-05 3.64062e-05 1.38054e-04 1.29623e-03 2.92694e-05 5.79849e-05 9.65860e-07 7.86595e-05 1.41807e-04 1.64775e-04 2.29823e-05 1.22082e-04 
1.56074e-05 7.88651e-06 2.91031e-05 6.24674e-05 1.58990e-05 7.59600e-07 3.22667e-04 2.92694e-05 3.01092e-03 3.28251e-04 7.98682e-05 6.69247e-05 1.18200e-04 4.04829e-05 3.56634e-05 1.61252e-06 
1.20135e-04 2.81121e-04 1.16452e-04 2.29458e-02 6.46088e-05 2.04854e-04 1.89417e-02 5.79849e-05 3.28251e-04 2.25099e-01 4.11372e-04 1.01703e-02 1.07379e-02 1.52472e-04 4.02196e-03 2.15370e-04 
7.55361e-06 8.32696e-06 1.37605e-04 8.18179e-05 2.27840e-06 7.13608e-07 2.53021e-04 9.65860e-07 7.98682e-05 4.11372e-04 2.08755e-03 1.03838e-04 7.00346e-05 1.27862e-06 2.37952e-04 2.50085e-06 
5.02358e-05 1.56016e-04 4.21238e-05 4.95407e-03 2.11679e-05 1.53293e-05 3.42619e-03 7.86595e-05 6.69247e-05 1.01703e-02 1.03838e-04 4.98682e-02 2.20424e-03 9.52196e-05 9.52809e-04 1.20233e-04 
1.76312e-04 6.00244e-05 6.13373e-05 9.11908e-03 3.92268e-04 2.76501e-05 2.42161e-02 1.41807e-04 1.18200e-04 1.07379e-02 7.00346e-05 2.20424e-03 1.00093e-01 3.63060e-04 7.00747e-03 2.38945e-04 
1.52236e-06 9.46107e-06 1.44248e-05 6.32568e-05 1.07590e-05 1.02329e-05 6.95057e-05 1.64775e-04 4.04829e-05 1.52472e-04 1.27862e-06 9.52196e-05 3.63060e-04 2.30361e-04 4.74852e-05 5.62652e-05 
5.99926e-05 2.40921e-05 9.06966e-05 2.16879e-03 5.43148e-05 1.04313e-05 9.89875e-03 2.29823e-05 3.56634e-05 4.02196e-03 2.37952e-04 9.52809e-04 7.00747e-03 4.74852e-05 4.37823e-02 1.61630e-04 
3.60433e-06 2.05347e-05 3.73823e-06 2.15323e-04 7.32497e-06 2.87262e-05 2.77105e-04 1.22082e-04 1.61252e-06 2.15370e-04 2.50085e-06 1.20233e-04 2.38945e-04 5.62652e-05 1.61630e-04 2.17711e-03 

