RIBOSUM

	A	C	G	U
A	2.23
C	-5.33	1.93
G	-4.91	-5.60	1.60
U	-4.41	-3.45	-5.24	1.90


	AA	AC	AG	AU	CA	CC	CG	CU	GA	GC	GG	GU	UA	UC	UG	UU
AA	-0.35
AC	-10.20	-0.19
AG	-9.56	-8.46	-0.80
AU	-5.97	-6.37	-10.03	5.14
CA	-10.33	-12.77	-11.56	-12.10	-0.51
CC	-18.82	-10.04	-14.23	-11.33	-10.78	0.14
CG	-9.61	-9.85	-5.57	-4.29	-4.73	-5.62	6.18
CU	-16.06	-15.80	-13.69	-7.50	-12.93	-6.49	-6.70	0.29
GA	-7.84	-15.14	-9.09	-11.07	-11.63	-15.70	-12.28	-inf	-0.77
GC	-10.31	-3.97	-9.18	-1.88	-10.21	-4.32	-3.67	-8.40	-6.82	6.32
GG	-14.03	-12.08	-9.35	-11.04	-12.93	-15.65	-6.54	-15.81	-10.85	-4.42	-1.30
GU	-11.65	-8.08	-12.45	-2.39	-12.98	-10.32	-5.77	-7.37	-8.39	-1.01	-6.33	3.93
UA	-6.46	-11.37	-11.23	-4.38	-4.62	-9.91	-1.69	-9.30	-8.75	-4.58	-10.29	-6.34	5.23
UC	-13.17	-9.77	-14.76	-11.11	-13.28	-5.94	-9.29	-11.10	-17.65	-5.20	-12.43	-9.04	-6.89	-0.73
UG	-11.79	-12.46	-7.15	-6.34	-8.62	-11.90	-1.38	-11.59	-10.74	-5.84	-6.70	-7.47	-2.77	-8.60	3.90
UU	-16.36	-12.39	-15.45	-6.58	-11.12	-10.69	-8.32	-6.80	-16.97	-8.12	-14.59	-7.01	-5.54	-6.46	-6.50	0.27


BASE FREQUENCIES
2.73998e-01 2.05845e-01 2.67512e-01 2.52645e-01 

BASE PAIR FREQUENCIES
4.75462e-03 3.07296e-03 3.27372e-03 1.71906e-01 
2.56118e-03 2.21521e-03 2.22976e-01 3.43482e-03 
3.23530e-03 2.45999e-01 2.44295e-03 7.26751e-02 
1.83303e-01 1.86001e-03 7.09890e-02 5.30137e-03 


BASE MATCH FREQUENCIES
3.53020e-01 1.40513e-03 2.43119e-03 3.25622e-03 1.40513e-03 1.62004e-01 1.13388e-03 4.74796e-03 2.43119e-03 1.13388e-03 2.17498e-01 1.78547e-03 3.25622e-03 4.74796e-03 1.78547e-03 2.37958e-01 

BASE PAIR MATCH FREQUENCIES
4.42992e-03 3.58932e-06 7.29000e-06 8.27336e-05 3.29270e-06 6.87422e-09 5.27850e-06 5.70408e-08 2.40943e-05 3.25025e-06 3.20232e-07 1.57529e-06 5.90709e-05 4.24812e-07 1.43374e-06 5.71465e-08 
3.58932e-06 2.78962e-03 1.17287e-05 4.73040e-05 4.56327e-07 2.26532e-06 3.37300e-06 5.15567e-08 1.14739e-07 1.98773e-04 9.32543e-07 1.40421e-05 1.47601e-06 3.35077e-06 6.77893e-07 6.68618e-07 
7.29000e-06 1.17287e-05 3.09218e-03 4.84855e-06 1.36658e-06 1.61468e-07 8.49140e-05 2.88489e-07 9.83922e-06 6.95726e-06 8.01913e-06 8.84567e-07 2.10779e-06 1.37484e-07 3.47874e-05 1.04427e-07 
8.27336e-05 4.73040e-05 4.84855e-06 1.68936e-01 8.87509e-07 1.14110e-06 1.95296e-04 1.99397e-05 2.35903e-06 1.03462e-03 2.35936e-06 8.92767e-04 2.30521e-04 1.63355e-06 5.77293e-05 4.60537e-05 
3.29270e-06 4.56327e-07 1.36658e-06 8.87509e-07 2.22710e-03 1.35866e-06 1.17239e-04 3.76065e-07 1.30293e-06 2.62053e-06 5.16224e-07 4.72809e-07 1.58640e-04 2.94202e-07 9.69194e-06 1.61652e-06 
6.87422e-09 2.26532e-06 1.61468e-07 1.14110e-06 1.35866e-06 1.98234e-03 4.72868e-05 2.45789e-05 5.85366e-08 1.16470e-04 5.90117e-08 2.24021e-06 3.05496e-06 3.59028e-05 7.51491e-07 1.64205e-06 
5.27850e-06 3.37300e-06 8.49140e-05 1.95296e-04 1.17239e-04 4.72868e-05 2.20013e-01 2.74646e-05 8.09311e-07 2.38425e-04 4.22241e-05 6.80437e-05 1.17850e-03 4.57441e-06 1.43069e-03 1.10234e-05 
5.70408e-08 5.15567e-08 2.88489e-07 1.99397e-05 3.76065e-07 2.45789e-05 2.74646e-05 3.30735e-03 0.00000e+00 8.45550e-06 6.45720e-08 2.12928e-05 5.71439e-06 1.23339e-06 1.14364e-06 2.97082e-05 
2.40943e-05 1.14739e-07 9.83922e-06 2.35903e-06 1.30293e-06 5.85366e-08 8.09311e-07 0.00000e+00 3.14826e-03 3.56586e-05 2.83972e-06 1.47230e-05 1.17964e-05 1.84995e-08 2.90153e-06 3.64182e-08 
3.25025e-06 1.98773e-04 6.95726e-06 1.03462e-03 2.62053e-06 1.16470e-04 2.38425e-04 8.45550e-06 3.56586e-05 2.42944e-01 1.84215e-04 1.85331e-03 1.59014e-04 7.77157e-05 6.51698e-05 1.26609e-05 
3.20232e-07 9.32543e-07 8.01913e-06 2.35936e-06 5.16224e-07 5.90117e-08 4.22241e-05 6.45720e-08 2.83972e-06 1.84215e-04 2.07653e-03 5.99132e-05 3.94358e-06 6.76378e-07 4.66505e-05 1.85376e-07 
1.57529e-06 1.40421e-05 8.84567e-07 8.92767e-04 4.72809e-07 2.24021e-06 6.80437e-05 2.12928e-05 1.47230e-05 1.85331e-03 5.99132e-05 6.96366e-02 5.77907e-05 6.67684e-06 2.58502e-05 3.34641e-05 
5.90709e-05 1.47601e-06 2.10779e-06 2.30521e-04 1.58640e-04 3.05496e-06 1.17850e-03 5.71439e-06 1.17964e-05 1.59014e-04 3.94358e-06 5.77907e-05 1.80212e-01 3.03714e-05 6.87643e-04 9.52693e-05 
4.24812e-07 3.35077e-06 1.37484e-07 1.63355e-06 2.94202e-07 3.59028e-05 4.57441e-06 1.23339e-06 1.84995e-08 7.77157e-05 6.76378e-07 6.67684e-06 3.03714e-05 1.62867e-03 9.04274e-06 3.78058e-05 
1.43374e-06 6.77893e-07 3.47874e-05 5.77293e-05 9.69194e-06 7.51491e-07 1.43069e-03 1.14364e-06 2.90153e-06 6.51698e-05 4.66505e-05 2.58502e-05 6.87643e-04 9.04274e-06 6.81103e-02 4.77261e-05 
5.71465e-08 6.68618e-07 1.04427e-07 4.60537e-05 1.61652e-06 1.64205e-06 1.10234e-05 2.97082e-05 3.64182e-08 1.26609e-05 1.85376e-07 3.34641e-05 9.52693e-05 3.78058e-05 4.77261e-05 4.91433e-03 

