RIBOSUM

	A	C	G	U
A	1.83
C	-1.20	1.05
G	-0.89	-1.72	0.97
U	-0.84	-0.59	-1.20	1.23


	AA	AC	AG	AU	CA	CC	CG	CU	GA	GC	GG	GU	UA	UC	UG	UU
AA	-2.26
AC	-5.73	-0.98
AG	-6.58	-10.78	-3.94
AU	-3.55	-2.49	-4.69	4.18
CA	-8.73	-10.53	-10.06	-4.80	-2.32
CC	-10.02	-5.20	-13.35	-4.06	-11.49	-3.03
CG	-3.80	-3.85	-3.63	1.92	-2.34	-3.55	5.47
CU	-11.20	-7.74	-6.66	-4.40	-8.24	-4.17	-3.74	-0.70
GA	-7.36	-9.65	-8.21	-4.34	-6.49	-11.06	-4.78	-8.94	-1.61
GC	-3.64	-3.24	-4.76	3.07	-4.35	-2.25	2.52	-4.35	-3.01	5.75
GG	-10.15	-9.71	-4.39	-4.52	-9.95	-12.10	-4.15	-11.80	-5.43	-3.37	-2.49
GU	-4.06	-3.35	-5.30	0.76	-7.20	-6.62	0.12	-3.92	-5.51	1.70	-5.28	3.09
UA	-3.05	-4.86	-4.61	1.69	-2.40	-4.86	3.06	-3.98	-3.93	1.93	-5.28	-0.43	4.49
UC	-10.44	-7.72	-9.41	-5.05	-9.80	-7.29	-4.71	-5.17	-7.28	-3.48	-8.64	-4.92	-3.40	-5.25
UG	-4.64	-6.93	-5.71	-0.61	-4.75	-6.49	1.40	-5.22	-6.65	0.15	-4.66	-1.83	1.01	-5.65	3.09
UU	-9.22	-6.03	-10.55	-3.01	-8.16	-5.61	-2.36	-4.10	-10.60	-2.46	-9.46	-3.24	-3.11	-4.92	-3.85	-1.28


BASE FREQUENCIES
2.66147e-01 2.10497e-01 2.80159e-01 2.43197e-01 

BASE PAIR FREQUENCIES
3.39595e-03 3.38171e-03 2.41818e-03 1.50681e-01 
2.45524e-03 1.45688e-03 2.37049e-01 3.25082e-03 
3.72977e-03 2.62851e-01 2.97794e-03 7.23010e-02 
1.72891e-01 1.39853e-03 7.49419e-02 4.82004e-03 


BASE MATCH FREQUENCIES
2.51116e-01 2.43330e-02 4.01691e-02 3.60363e-02 2.43330e-02 9.18591e-02 1.78942e-02 3.40334e-02 4.01691e-02 1.78942e-02 1.54137e-01 2.95954e-02 3.60363e-02 3.40334e-02 2.95954e-02 1.38765e-01 

BASE PAIR MATCH FREQUENCIES
1.04459e-03 7.49555e-05 5.52772e-05 3.91681e-04 9.33446e-06 3.03014e-06 2.99852e-04 1.54054e-06 3.21495e-05 3.36169e-04 4.90428e-06 2.90270e-04 5.52879e-04 2.61383e-06 1.93299e-04 7.04729e-06 
7.49555e-05 1.59221e-03 2.37019e-06 6.43523e-04 2.11797e-06 6.75310e-05 2.28723e-04 1.34510e-05 5.19767e-06 3.50777e-04 5.25589e-06 3.73453e-04 1.24875e-04 1.36085e-05 3.13216e-05 5.06501e-05 
5.52772e-05 2.37019e-06 3.62728e-04 1.87365e-04 3.91204e-06 3.16784e-07 3.54012e-04 3.78538e-05 1.87728e-05 1.62449e-04 2.79421e-04 1.29174e-04 1.98120e-04 5.59269e-06 9.67720e-05 2.93355e-06 
3.91681e-04 6.43523e-04 1.87365e-04 7.61052e-02 1.29798e-04 1.72021e-04 1.44322e-02 1.56906e-04 2.38131e-04 3.19443e-02 2.22046e-04 7.45734e-03 1.35005e-02 1.00190e-04 2.88813e-03 4.76224e-04 
9.33446e-06 2.11797e-06 3.91204e-06 1.29798e-04 6.29326e-04 8.61363e-07 6.51458e-04 9.49543e-06 4.64754e-05 1.62331e-04 4.43907e-06 2.58758e-05 6.86096e-04 3.22797e-06 1.42071e-04 1.16049e-05 
3.03014e-06 6.75310e-05 3.16784e-07 1.72021e-04 8.61363e-07 2.40321e-04 2.23479e-04 1.25694e-04 1.54442e-06 5.48138e-04 7.94668e-07 3.06402e-05 9.85759e-05 1.45282e-05 3.35287e-05 5.37275e-05 
2.99852e-04 2.28723e-04 3.54012e-04 1.44322e-02 6.51458e-04 2.23479e-04 1.53722e-01 2.26691e-04 1.59800e-04 1.99609e-02 2.60268e-04 4.35960e-03 3.18623e-02 1.15487e-04 1.05784e-02 6.81769e-04 
1.54054e-06 1.34510e-05 3.78538e-05 1.56906e-04 9.49543e-06 1.25694e-04 2.26691e-04 1.61434e-03 7.75020e-06 1.48296e-04 1.12662e-06 2.30481e-04 2.09666e-04 7.26305e-05 9.36891e-05 1.76857e-04 
3.21495e-05 5.19767e-06 1.87728e-05 2.38131e-04 4.64754e-05 1.54442e-06 1.59800e-04 7.75020e-06 1.82763e-03 5.47078e-04 1.36163e-04 1.11286e-04 3.17556e-04 2.46012e-05 5.04939e-05 2.84964e-06 
3.36169e-04 3.50777e-04 1.62449e-04 3.19443e-02 1.62331e-04 5.48138e-04 1.99609e-02 1.48296e-04 5.47078e-04 1.87506e-01 4.47683e-04 1.30243e-02 1.45758e-02 2.70358e-04 4.47041e-03 6.35275e-04 
4.90428e-06 5.25589e-06 2.79421e-04 2.22046e-04 4.43907e-06 7.94668e-07 2.60268e-04 1.12662e-06 1.36163e-04 4.47683e-04 1.09880e-03 1.38113e-04 1.30902e-04 1.00931e-05 2.11708e-04 6.58476e-06 
2.90270e-04 3.73453e-04 1.29174e-04 7.45734e-03 2.58758e-05 3.06402e-05 4.35960e-03 2.30481e-04 1.11286e-04 1.30243e-02 1.38113e-04 3.95032e-02 3.26245e-03 1.14893e-04 1.30246e-03 4.27887e-04 
5.52879e-04 1.24875e-04 1.98120e-04 1.35005e-02 6.86096e-04 9.85759e-05 3.18623e-02 2.09666e-04 3.17556e-04 1.45758e-02 1.30902e-04 3.26245e-03 9.42292e-02 3.14085e-04 8.87876e-03 4.42069e-04 
2.61383e-06 1.36085e-05 5.59269e-06 1.00190e-04 3.22797e-06 1.45282e-05 1.15487e-04 7.26305e-05 2.46012e-05 2.70358e-04 1.00931e-05 1.14893e-04 3.14085e-04 6.87701e-05 6.94320e-05 1.00016e-04 
1.93299e-04 3.13216e-05 9.67720e-05 2.88813e-03 1.42071e-04 3.35287e-05 1.05784e-02 9.36891e-05 5.04939e-05 4.47041e-03 2.11708e-04 1.30246e-03 8.87876e-03 6.94320e-05 3.96389e-02 2.79671e-04 
7.04729e-06 5.06501e-05 2.93355e-06 4.76224e-04 1.16049e-05 5.37275e-05 6.81769e-04 1.76857e-04 2.84964e-06 6.35275e-04 6.58476e-06 4.27887e-04 4.42069e-04 1.00016e-04 2.79671e-04 1.44480e-03 

