RIBOSUM

	A	C	G	U
A	1.96
C	-1.18	0.96
G	-0.91	-1.48	0.88
U	-1.00	-0.65	-1.16	1.31


	AA	AC	AG	AU	CA	CC	CG	CU	GA	GC	GG	GU	UA	UC	UG	UU
AA	-2.80
AC	-9.63	-1.97
AG	-8.84	-10.25	-2.40
AU	-4.97	-1.71	-6.14	4.18
CA	-10.16	-11.03	-10.23	-5.74	-3.26
CC	-13.39	-8.98	-13.30	-2.40	-10.83	-3.37
CG	-3.70	-5.31	-4.48	2.06	-3.22	-4.71	5.26
CU	-11.87	-9.53	-8.64	-4.20	-8.30	-6.66	-4.03	-1.53
GA	-8.88	-9.62	-8.20	-4.67	-8.54	-12.46	-4.32	-7.41	-1.57
GC	-5.34	-3.68	-5.63	2.89	-5.46	-3.64	2.81	-2.11	-2.36	5.54
GG	-9.66	-9.58	-4.43	-5.79	-11.56	-12.63	-4.64	-9.76	-6.97	-4.14	-2.14
GU	-6.62	-4.63	-6.90	0.61	-6.88	-7.43	0.33	-4.25	-6.15	1.41	-5.74	3.24
UA	-2.37	-5.59	-2.81	1.85	-3.19	-6.41	3.00	-4.27	-4.62	1.84	-6.38	0.04	4.66
UC	-11.44	-8.59	-8.33	-4.55	-8.60	-8.48	-4.85	-4.59	-6.99	-3.72	-11.32	-4.63	-3.51	-4.10
UG	-3.50	-7.00	-6.13	-0.74	-6.31	-8.04	1.19	-6.63	-7.23	0.17	-4.32	-1.34	0.87	-4.56	3.13
UU	-10.20	-7.72	-10.60	-3.42	-8.61	-7.10	-3.16	-5.08	-11.32	-3.24	-10.04	-2.93	-1.65	-6.17	-4.23	-0.98


BASE FREQUENCIES
2.55360e-01 2.20974e-01 2.94970e-01 2.28696e-01 

BASE PAIR FREQUENCIES
2.42026e-03 2.27210e-03 2.58838e-03 1.34480e-01 
1.98646e-03 1.14835e-03 2.56204e-01 2.81412e-03 
4.17633e-03 2.79305e-01 3.13096e-03 7.31878e-02 
1.57876e-01 1.38605e-03 7.29553e-02 4.06873e-03 


BASE MATCH FREQUENCIES
2.54423e-01 2.49828e-02 4.02085e-02 2.91559e-02 2.49828e-02 9.51700e-02 2.33371e-02 3.21590e-02 4.02085e-02 2.33371e-02 1.60458e-01 3.01422e-02 2.91559e-02 3.21590e-02 3.01422e-02 1.29978e-01 

BASE PAIR MATCH FREQUENCIES
6.09063e-04 4.63942e-06 1.07003e-05 1.21180e-04 3.20971e-06 2.97157e-07 3.27493e-04 8.82425e-07 1.04523e-05 1.05044e-04 7.02116e-06 4.47588e-05 7.36519e-04 1.18590e-06 3.89411e-04 2.89250e-06 
4.63942e-06 8.14687e-04 3.48244e-06 1.00684e-03 1.51830e-06 5.45831e-06 9.30199e-05 3.85191e-06 5.39456e-06 2.86115e-04 6.40521e-06 1.54075e-04 6.84572e-05 7.40816e-06 2.98315e-05 1.40136e-05 
1.07003e-05 3.48244e-06 1.07416e-03 6.24586e-05 3.54501e-06 3.65576e-07 2.19852e-04 9.54002e-06 1.93387e-05 9.93808e-05 3.04666e-04 4.25239e-05 6.28692e-04 1.18642e-05 7.27780e-05 2.54561e-06 
1.21180e-04 1.00684e-03 6.24586e-05 6.19867e-02 6.16808e-05 5.39424e-04 1.58879e-02 1.60195e-04 1.73013e-04 2.82350e-02 9.17257e-05 6.02187e-03 1.23196e-02 1.25723e-04 2.35857e-03 2.86047e-04 
3.20971e-06 1.51830e-06 3.54501e-06 6.16808e-05 3.31682e-04 1.51484e-06 3.93428e-04 9.07070e-06 1.14088e-05 8.38311e-05 1.62048e-06 3.22181e-05 3.61611e-04 7.36104e-06 4.80866e-05 7.53763e-06 
2.97157e-07 5.45831e-06 3.65576e-07 5.39424e-04 1.51484e-06 2.30988e-04 1.21426e-04 2.43922e-05 6.54344e-07 2.56168e-04 6.68656e-07 1.90477e-05 3.35601e-05 6.91432e-06 1.25433e-05 1.86497e-05 
3.27493e-04 9.30199e-05 2.19852e-04 1.58879e-02 3.93428e-04 1.21426e-04 1.63174e-01 2.01739e-04 2.45817e-04 2.98536e-02 2.27143e-04 5.53050e-03 3.03908e-02 1.13917e-04 1.00022e-02 3.80417e-04 
8.82425e-07 3.85191e-06 9.54002e-06 1.60195e-04 9.07070e-06 2.43922e-05 2.01739e-04 8.83587e-04 2.23050e-05 7.65447e-04 5.06816e-06 1.78722e-04 1.52526e-04 1.06289e-04 3.45318e-05 7.83718e-05 
1.04523e-05 5.39456e-06 1.93387e-05 1.73013e-04 1.14088e-05 6.54344e-07 2.45817e-04 2.23050e-05 1.91543e-03 9.55691e-04 5.23405e-05 7.16815e-05 1.78888e-04 2.98715e-05 3.38034e-05 1.54381e-06 
1.05044e-04 2.86115e-04 9.93808e-05 2.82350e-02 8.38311e-05 2.56168e-04 2.98536e-02 7.65447e-04 9.55691e-04 1.98343e-01 3.22172e-04 1.16607e-02 1.35972e-02 2.50284e-04 4.93532e-03 3.61662e-04 
7.02116e-06 6.40521e-06 3.04666e-04 9.17257e-05 1.62048e-06 6.68656e-07 2.27143e-04 5.06816e-06 5.23405e-05 3.22172e-04 1.71826e-03 1.09787e-04 6.11984e-05 1.71926e-06 2.93498e-04 4.31748e-06 
4.47588e-05 1.54075e-04 4.25239e-05 6.02187e-03 3.22181e-05 1.90477e-05 5.53050e-03 1.78722e-04 7.16815e-05 1.16607e-02 1.09787e-04 4.30074e-02 4.04200e-03 1.37507e-04 1.80250e-03 4.63887e-04 
7.36519e-04 6.84572e-05 6.28692e-04 1.23196e-02 3.61611e-04 3.35601e-05 3.03908e-02 1.52526e-04 1.78888e-04 1.35972e-02 6.11984e-05 4.04200e-03 8.63826e-02 2.58262e-04 7.19585e-03 9.69922e-04 
1.18590e-06 7.40816e-06 1.18642e-05 1.25723e-04 7.36104e-06 6.91432e-06 1.13917e-04 1.06289e-04 2.98715e-05 2.50284e-04 1.71926e-06 1.37507e-04 2.58262e-04 1.48688e-04 1.44967e-04 3.66185e-05 
3.89411e-04 2.98315e-05 7.27780e-05 2.35857e-03 4.80866e-05 1.25433e-05 1.00022e-02 3.45318e-05 3.38034e-05 4.93532e-03 2.93498e-04 1.80250e-03 7.19585e-03 1.44967e-04 3.98065e-02 1.87682e-04 
2.89250e-06 1.40136e-05 2.54561e-06 2.86047e-04 7.53763e-06 1.86497e-05 3.80417e-04 7.83718e-05 1.54381e-06 3.61662e-04 4.31748e-06 4.63887e-04 9.69922e-04 3.66185e-05 1.87682e-04 1.38971e-03 

