RIBOSUM

	A	C	G	U
A	1.93
C	-1.13	0.94
G	-0.86	-1.45	0.86
U	-0.94	-0.63	-1.12	1.28


	AA	AC	AG	AU	CA	CC	CG	CU	GA	GC	GG	GU	UA	UC	UG	UU
AA	-2.93
AC	-9.20	-1.90
AG	-8.30	-9.88	-2.48
AU	-4.79	-1.67	-5.98	4.13
CA	-10.03	-10.81	-9.57	-5.54	-3.32
CC	-12.62	-8.67	-13.19	-2.48	-10.33	-3.46
CG	-3.56	-5.04	-4.19	2.10	-3.04	-4.57	5.26
CU	-11.68	-9.29	-8.63	-4.13	-8.07	-6.56	-4.00	-1.53
GA	-8.50	-9.77	-7.96	-4.60	-8.14	-12.30	-4.37	-7.56	-1.65
GC	-5.13	-3.60	-5.40	2.93	-5.12	-3.50	2.86	-2.10	-2.38	5.55
GG	-9.51	-9.55	-4.51	-5.51	-11.11	-12.10	-4.56	-9.30	-6.80	-3.94	-2.13
GU	-6.17	-4.49	-6.84	0.66	-6.70	-7.17	0.38	-4.18	-6.10	1.47	-5.76	3.21
UA	-2.42	-5.42	-2.84	1.85	-3.04	-6.21	3.04	-4.32	-4.63	1.92	-6.18	0.04	4.61
UC	-11.12	-8.49	-8.48	-4.41	-8.43	-8.27	-4.70	-4.52	-7.03	-3.56	-11.22	-4.62	-3.54	-4.09
UG	-3.57	-6.89	-6.08	-0.68	-6.07	-7.87	1.25	-6.47	-7.08	0.23	-4.38	-1.33	0.89	-4.52	3.10
UU	-10.00	-7.73	-10.70	-3.19	-8.45	-6.69	-3.11	-5.06	-10.68	-3.07	-9.65	-2.98	-1.70	-6.42	-4.11	-1.05


BASE FREQUENCIES
2.57088e-01 2.19854e-01 2.93960e-01 2.29099e-01 

BASE PAIR FREQUENCIES
2.48973e-03 2.41083e-03 2.62024e-03 1.35336e-01 
2.09050e-03 1.16270e-03 2.54694e-01 2.83864e-03 
4.08866e-03 2.78667e-01 3.17865e-03 7.28919e-02 
1.58969e-01 1.40395e-03 7.30360e-02 4.12283e-03 


BASE MATCH FREQUENCIES
2.51142e-01 2.57609e-02 4.17499e-02 3.06944e-02 2.57609e-02 9.28529e-02 2.37082e-02 3.26524e-02 4.17499e-02 2.37082e-02 1.57350e-01 3.10479e-02 3.06944e-02 3.26524e-02 3.10479e-02 1.27429e-01 

BASE PAIR MATCH FREQUENCIES
5.74905e-04 6.35318e-06 1.58284e-05 1.40710e-04 3.57923e-06 5.07202e-07 3.62453e-04 1.01125e-06 1.37575e-05 1.21655e-04 7.82555e-06 6.19115e-05 7.29638e-04 1.49338e-06 3.75503e-04 3.38764e-06 
6.35318e-06 8.55566e-04 4.53291e-06 1.04907e-03 1.77929e-06 6.72771e-06 1.10715e-04 4.53520e-06 4.90640e-06 3.01527e-04 6.51982e-06 1.68983e-04 7.77262e-05 7.90394e-06 3.21072e-05 1.39559e-05 
1.58284e-05 4.53291e-06 1.02515e-03 7.03400e-05 5.62949e-06 3.89830e-07 2.67027e-04 9.60515e-06 2.29061e-05 1.15801e-04 2.86442e-04 4.45430e-05 6.22270e-04 1.06897e-05 7.50181e-05 2.38366e-06 
1.40710e-04 1.04907e-03 7.03400e-05 6.06894e-02 7.14704e-05 5.09574e-04 1.62851e-02 1.69174e-04 1.82954e-04 2.89232e-02 1.11755e-04 6.24596e-03 1.25397e-02 1.39438e-04 2.47487e-03 3.39788e-04 
3.57923e-06 1.77929e-06 5.62949e-06 7.14704e-05 3.19157e-04 2.11669e-06 4.43673e-04 1.05774e-05 1.51877e-05 1.04845e-04 2.20825e-06 3.66531e-05 4.04996e-04 8.25351e-06 5.67138e-05 8.49936e-06 
5.07202e-07 6.72771e-06 3.89830e-07 5.09574e-04 2.11669e-06 2.12924e-04 1.31128e-04 2.58142e-05 7.25146e-07 2.76450e-04 9.53331e-07 2.26285e-05 3.85291e-05 7.87965e-06 1.39241e-05 2.46452e-05 
3.62453e-04 1.10715e-04 2.67027e-04 1.62851e-02 4.43673e-04 1.31128e-04 1.59823e-01 2.04111e-04 2.35781e-04 3.04240e-02 2.36725e-04 5.65371e-03 3.12663e-02 1.25383e-04 1.03796e-02 3.91775e-04 
1.01125e-06 4.53520e-06 9.60515e-06 1.69174e-04 1.05774e-05 2.58142e-05 2.04111e-04 8.78246e-04 2.01069e-05 7.59313e-04 6.91129e-06 1.87216e-04 1.48308e-04 1.10291e-04 3.83971e-05 7.90633e-05 
1.37575e-05 4.90640e-06 2.29061e-05 1.82954e-04 1.51877e-05 7.25146e-07 2.35781e-04 2.01069e-05 1.82442e-03 9.41182e-04 5.87715e-05 7.40123e-05 1.79610e-04 2.90522e-05 3.75607e-05 2.41323e-06 
1.21655e-04 3.01527e-04 1.15801e-04 2.89232e-02 1.04845e-04 2.76450e-04 3.04240e-02 7.59313e-04 9.41182e-04 1.95560e-01 3.64702e-04 1.20787e-02 1.43801e-02 2.75076e-04 5.09949e-03 4.02565e-04 
7.82555e-06 6.51982e-06 2.86442e-04 1.11755e-04 2.20825e-06 9.53331e-07 2.36725e-04 6.91129e-06 5.87715e-05 3.64702e-04 1.70704e-03 1.07528e-04 7.01749e-05 1.82898e-06 2.78705e-04 5.63460e-06 
6.19115e-05 1.68983e-04 4.45430e-05 6.24596e-03 3.66531e-05 2.26285e-05 5.65371e-03 1.87216e-04 7.40123e-05 1.20787e-02 1.07528e-04 4.18485e-02 4.06480e-03 1.37664e-04 1.79946e-03 4.46678e-04 
7.29638e-04 7.77262e-05 6.22270e-04 1.25397e-02 4.04996e-04 3.85291e-05 3.12663e-02 1.48308e-04 1.79610e-04 1.43801e-02 7.01749e-05 4.06480e-03 8.45089e-02 2.54689e-04 7.35986e-03 9.50178e-04 
1.49338e-06 7.90394e-06 1.06897e-05 1.39438e-04 8.25351e-06 7.87965e-06 1.25383e-04 1.10291e-04 2.90522e-05 2.75076e-04 1.82898e-06 1.37664e-04 2.54689e-04 1.48976e-04 1.47523e-04 3.09134e-05 
3.75503e-04 3.21072e-05 7.50181e-05 2.47487e-03 5.67138e-05 1.39241e-05 1.03796e-02 3.83971e-05 3.75607e-05 5.09949e-03 2.78705e-04 1.79946e-03 7.35986e-03 1.47523e-04 3.89930e-02 2.04070e-04 
3.38764e-06 1.39559e-05 2.38366e-06 3.39788e-04 8.49936e-06 2.46452e-05 3.91775e-04 7.90633e-05 2.41323e-06 4.02565e-04 5.63460e-06 4.46678e-04 9.50178e-04 3.09134e-05 2.04070e-04 1.33258e-03 

