RIBOSUM

	A	C	G	U
A	2.17
C	-1.66	1.07
G	-1.29	-2.27	1.00
U	-1.21	-0.87	-1.60	1.59


	AA	AC	AG	AU	CA	CC	CG	CU	GA	GC	GG	GU	UA	UC	UG	UU
AA	-2.25
AC	-7.79	-1.77
AG	-8.23	-9.87	-1.98
AU	-4.60	-2.18	-5.72	4.39
CA	-9.05	-10.57	-10.89	-5.47	-2.60
CC	-11.82	-8.14	-13.55	-5.77	-10.48	-3.04
CG	-4.49	-5.36	-4.73	1.83	-3.17	-4.62	5.36
CU	-11.02	-9.13	-8.57	-4.76	-7.83	-5.33	-4.41	-0.95
GA	-7.22	-9.72	-7.84	-5.46	-7.21	-12.47	-4.26	-7.73	-1.14
GC	-4.89	-3.57	-5.27	2.75	-5.40	-3.49	2.32	-5.14	-3.86	5.63
GG	-8.65	-9.18	-5.28	-5.41	-10.98	-12.69	-4.69	-12.18	-6.15	-3.61	-2.04
GU	-5.53	-4.34	-6.55	0.62	-7.08	-7.44	-0.17	-4.83	-6.09	1.38	-5.74	3.36
UA	-3.93	-5.47	-5.89	1.61	-2.76	-6.10	2.84	-4.48	-5.04	1.72	-5.91	-0.60	4.83
UC	-10.24	-8.12	-8.47	-4.98	-8.30	-7.30	-5.33	-4.06	-6.67	-4.20	-11.07	-4.93	-3.16	-3.60
UG	-5.95	-7.08	-5.76	-0.60	-5.52	-7.89	1.30	-6.88	-7.04	0.02	-4.86	-2.06	0.97	-5.77	3.21
UU	-8.84	-6.82	-9.97	-3.13	-8.27	-5.60	-3.29	-4.40	-10.01	-3.47	-10.73	-4.27	-3.40	-5.87	-3.81	-0.39


BASE FREQUENCIES
2.56595e-01 2.21438e-01 2.98029e-01 2.23938e-01 

BASE PAIR FREQUENCIES
2.13744e-03 2.39161e-03 2.73583e-03 1.31037e-01 
1.88482e-03 1.00018e-03 2.58670e-01 2.40634e-03 
4.11604e-03 2.83438e-01 3.36959e-03 7.21460e-02 
1.56595e-01 1.34196e-03 7.28359e-02 3.89444e-03 


BASE MATCH FREQUENCIES
2.95297e-01 1.79913e-02 3.11734e-02 2.48098e-02 1.79913e-02 1.02668e-01 1.36614e-02 2.70723e-02 3.11734e-02 1.36614e-02 1.77922e-01 2.20528e-02 2.48098e-02 2.70723e-02 2.20528e-02 1.50591e-01 

BASE PAIR MATCH FREQUENCIES
9.11660e-04 1.69569e-05 1.67405e-05 1.55540e-04 7.04399e-06 8.94971e-07 1.93356e-04 1.56767e-06 3.38634e-05 1.46871e-04 1.45448e-05 9.50091e-05 2.47969e-04 2.69676e-06 7.11296e-05 7.19083e-06 
1.69569e-05 9.44081e-04 4.64016e-06 7.22235e-04 2.12598e-06 9.89084e-06 9.12345e-05 5.04543e-06 5.14122e-06 3.14925e-04 8.69476e-06 1.87609e-04 7.38287e-05 1.00967e-05 2.79420e-05 2.51532e-05 
1.67405e-05 4.64016e-06 1.47817e-03 8.34663e-05 2.29711e-06 3.13187e-07 1.90190e-04 9.96036e-06 2.56031e-05 1.30737e-04 1.74263e-04 5.43230e-05 7.41378e-05 1.06954e-05 9.40769e-05 3.83192e-06 
1.55540e-04 7.22235e-04 8.34663e-05 6.90938e-02 7.38295e-05 5.14928e-05 1.34530e-02 1.05161e-04 9.97576e-05 2.54350e-02 1.19712e-04 5.88653e-03 1.01060e-02 9.01483e-05 2.53611e-03 3.29719e-04 
7.04399e-06 2.12598e-06 2.29711e-06 7.38295e-05 5.30805e-04 1.95150e-06 4.16938e-04 1.23460e-05 2.92964e-05 8.91153e-05 2.49620e-06 2.80454e-05 4.80763e-04 8.94796e-06 8.24225e-05 9.24072e-06 
8.94971e-07 9.89084e-06 3.13187e-07 5.14928e-05 1.95150e-06 2.93024e-04 1.31165e-04 6.06001e-05 6.62453e-07 2.88274e-04 6.57793e-07 1.87821e-05 4.10361e-05 1.54171e-05 1.37986e-05 5.05301e-05 
1.93356e-04 9.12345e-05 1.90190e-04 1.34530e-02 4.16938e-04 1.31165e-04 1.79372e-01 1.54409e-04 2.62899e-04 2.16925e-02 2.27437e-04 3.91082e-03 2.71325e-02 8.16354e-05 1.08121e-02 3.38533e-04 
1.56767e-06 5.04543e-06 9.96036e-06 1.05161e-04 1.23460e-05 6.06001e-05 1.54409e-04 1.27458e-03 1.78664e-05 9.31135e-05 9.49029e-07 1.16631e-04 1.27667e-04 1.47872e-04 2.81295e-05 1.17865e-04 
3.38634e-05 5.14122e-06 2.56031e-05 9.97576e-05 2.92964e-05 6.62453e-07 2.62899e-04 1.78664e-05 2.65627e-03 3.47216e-04 9.55023e-05 7.51317e-05 1.33143e-04 3.72141e-05 3.88911e-05 3.71516e-06 
1.46871e-04 3.14925e-04 1.30737e-04 2.54350e-02 8.91153e-05 2.88274e-04 2.16925e-02 9.31135e-05 3.47216e-04 2.15705e-01 4.81229e-04 1.14491e-02 1.25228e-02 1.78591e-04 4.46052e-03 2.99497e-04 
1.45448e-05 8.69476e-06 1.74263e-04 1.19712e-04 2.49620e-06 6.57793e-07 2.27437e-04 9.49029e-07 9.55023e-05 4.81229e-04 1.92268e-03 1.11132e-04 8.49722e-05 2.04520e-06 2.03436e-04 2.62334e-06 
9.50091e-05 1.87609e-04 5.43230e-05 5.88653e-03 2.80454e-05 1.87821e-05 3.91082e-03 1.16631e-04 7.51317e-05 1.14491e-02 1.11132e-04 4.58012e-02 2.52494e-03 1.08866e-04 1.06518e-03 1.73467e-04 
2.47969e-04 7.38287e-05 7.41378e-05 1.01060e-02 4.80763e-04 4.10361e-05 2.71325e-02 1.27667e-04 1.33143e-04 1.25228e-02 8.49722e-05 2.52494e-03 9.37262e-02 3.18388e-04 7.50570e-03 2.73172e-04 
2.69676e-06 1.00967e-05 1.06954e-05 9.01483e-05 8.94796e-06 1.54171e-05 8.16354e-05 1.47872e-04 3.72141e-05 1.78591e-04 2.04520e-06 1.08866e-04 3.18388e-04 2.03247e-04 6.05977e-05 4.25069e-05 
7.11296e-05 2.79420e-05 9.40769e-05 2.53611e-03 8.24225e-05 1.37986e-05 1.08121e-02 2.81295e-05 3.88911e-05 4.46052e-03 2.03436e-04 1.06518e-03 7.50570e-03 6.05977e-05 4.11277e-02 2.37947e-04 
7.19083e-06 2.51532e-05 3.83192e-06 3.29719e-04 9.24072e-06 5.05301e-05 3.38533e-04 1.17865e-04 3.71516e-06 2.99497e-04 2.62334e-06 1.73467e-04 2.73172e-04 4.25069e-05 2.37947e-04 1.91295e-03 

