RIBOSUM

	A	C	G	U
A	1.67
C	-0.87	0.93
G	-0.67	-1.21	0.81
U	-0.69	-0.52	-0.94	1.11


	AA	AC	AG	AU	CA	CC	CG	CU	GA	GC	GG	GU	UA	UC	UG	UU
AA	-3.08
AC	-10.09	-1.32
AG	-9.45	-9.96	-2.14
AU	-5.69	-2.65	-3.73	4.23
CA	-11.00	-12.06	-11.53	-5.94	-3.32
CC	-13.82	-10.25	-13.66	-3.75	-11.48	-3.21
CG	-4.58	-5.87	-3.01	1.73	-3.81	-5.03	5.58
CU	-12.79	-10.93	-8.98	-5.33	-8.93	-7.12	-4.81	-1.86
GA	-9.59	-9.30	-8.70	-4.63	-9.35	-12.64	-4.39	-7.35	-1.37
GC	-5.96	-3.02	-3.37	2.86	-6.31	-4.02	2.53	-3.44	-2.24	5.77
GG	-10.05	-9.21	-4.51	-6.18	-12.25	-13.20	-4.95	-11.25	-7.12	-3.30	-2.52
GU	-7.53	-4.89	-6.25	0.56	-8.00	-8.35	0.04	-3.08	-6.51	1.48	-5.85	3.02
UA	-2.79	-6.35	-3.21	1.67	-2.66	-7.02	3.02	-4.77	-5.48	1.67	-6.70	-0.27	4.68
UC	-12.62	-9.41	-9.02	-6.03	-9.42	-9.26	-5.79	-5.15	-7.40	-4.66	-12.23	-5.59	-3.29	-4.62
UG	-4.80	-3.67	-3.95	-0.96	-7.07	-9.06	1.18	-7.83	-8.05	-0.14	-5.15	-1.81	0.61	-3.07	3.11
UU	-11.08	-8.30	-10.35	-4.37	-9.60	-7.97	-4.09	-5.90	-11.40	-4.12	-11.63	-3.01	-2.26	-6.36	-3.26	-0.88


BASE FREQUENCIES
2.61706e-01 2.11648e-01 2.84980e-01 2.41667e-01 

BASE PAIR FREQUENCIES
2.56184e-03 2.30355e-03 3.60459e-03 1.47826e-01 
1.68511e-03 9.73867e-04 2.42478e-01 2.85380e-03 
3.99820e-03 2.63466e-01 2.74789e-03 7.62905e-02 
1.66022e-01 1.56939e-03 7.72293e-02 4.38922e-03 


BASE MATCH FREQUENCIES
2.18353e-01 3.03219e-02 4.67769e-02 3.90986e-02 3.03219e-02 8.54787e-02 2.61189e-02 3.57655e-02 4.67769e-02 2.61189e-02 1.42062e-01 3.59011e-02 3.90986e-02 3.57655e-02 3.59011e-02 1.26141e-01 

BASE PAIR MATCH FREQUENCIES
5.55794e-04 3.47700e-06 7.30671e-06 8.36246e-05 1.85104e-06 2.11680e-07 1.73151e-04 4.94907e-07 6.64503e-06 6.62005e-05 5.23484e-06 2.55948e-05 6.27530e-04 5.55840e-07 1.68889e-04 1.84733e-06 
3.47700e-06 1.22479e-03 4.15266e-06 5.58115e-04 7.19218e-07 2.03181e-06 5.72215e-05 1.44926e-06 6.56273e-06 4.12000e-04 7.59651e-06 1.28465e-04 4.29406e-05 4.16211e-06 3.00241e-04 1.02373e-05 
7.30671e-06 4.15266e-06 1.26194e-03 3.54917e-04 1.39550e-06 2.57386e-07 5.58308e-04 7.56417e-06 1.34184e-05 4.34944e-04 2.66219e-04 6.74626e-05 5.11489e-04 7.33833e-06 3.33227e-04 3.34316e-06 
8.36246e-05 5.58115e-04 3.54917e-04 7.48908e-02 5.71604e-05 2.10703e-04 1.26936e-02 8.03314e-05 1.90952e-04 2.76585e-02 7.08687e-05 6.42565e-03 1.27295e-02 4.96147e-05 2.24259e-03 1.78767e-04 
1.85104e-06 7.19218e-07 1.39550e-06 5.71604e-05 3.06902e-04 8.71350e-07 2.37669e-04 5.79367e-06 6.32783e-06 4.21719e-05 9.23554e-07 1.49187e-05 5.53866e-04 4.13870e-06 2.83767e-05 4.18239e-06 
2.11680e-07 2.03181e-06 2.57386e-07 2.10703e-04 8.71350e-07 2.17525e-04 8.26325e-05 1.64281e-05 5.22211e-07 1.66473e-04 3.87701e-07 9.45348e-06 2.18035e-05 3.72609e-06 5.77190e-06 1.04034e-05 
1.73151e-04 5.72215e-05 5.58308e-04 1.26936e-02 2.37669e-04 8.26325e-05 1.73703e-01 1.10252e-04 2.14060e-04 2.10813e-02 1.58706e-04 4.27787e-03 3.09812e-02 5.56604e-05 9.39788e-03 2.06778e-04 
4.94907e-07 1.44926e-06 7.56417e-06 8.03314e-05 5.79367e-06 1.64281e-05 1.10252e-04 7.22501e-04 2.33505e-05 2.84474e-04 1.70654e-06 4.15920e-04 1.18305e-04 7.35366e-05 1.54499e-05 4.99623e-05 
6.64503e-06 6.56273e-06 1.34184e-05 1.90952e-04 6.32783e-06 5.22211e-07 2.14060e-04 2.33505e-05 2.15630e-03 9.55167e-04 4.34315e-05 5.63225e-05 1.05548e-04 2.26119e-05 1.93890e-05 1.60712e-06 
6.62005e-05 4.12000e-04 4.34944e-04 2.76585e-02 4.21719e-05 1.66473e-04 2.10813e-02 2.84474e-04 9.55167e-04 1.98493e-01 4.95872e-04 1.16206e-02 1.21324e-02 1.22414e-04 3.76828e-03 2.02436e-04 
5.23484e-06 7.59651e-06 2.66219e-04 7.08687e-05 9.23554e-07 3.87701e-07 1.58706e-04 1.70654e-06 4.34315e-05 4.95872e-04 1.14991e-03 9.68756e-05 4.95071e-05 8.66227e-07 1.57575e-04 1.49468e-06 
2.55948e-05 1.28465e-04 6.74626e-05 6.42565e-03 1.49187e-05 9.45348e-06 4.27787e-03 4.15920e-04 5.63225e-05 1.16206e-02 9.68756e-05 3.85211e-02 3.60049e-03 7.31756e-05 1.35343e-03 5.00123e-04 
6.27530e-04 4.29406e-05 5.11489e-04 1.27295e-02 5.53866e-04 2.18035e-05 3.09812e-02 1.18305e-04 1.05548e-04 1.21324e-02 4.95071e-05 3.60049e-03 1.02867e-01 3.29987e-04 6.64461e-03 7.71318e-04 
5.55840e-07 4.16211e-06 7.33833e-06 4.96147e-05 4.13870e-06 3.72609e-06 5.56604e-05 7.35366e-05 2.26119e-05 1.22414e-04 8.66227e-07 7.31756e-05 3.29987e-04 1.06703e-04 4.19923e-04 3.63104e-05 
1.68889e-04 3.00241e-04 3.33227e-04 2.24259e-03 2.83767e-05 5.77190e-06 9.39788e-03 1.54499e-05 1.93890e-05 3.76828e-03 1.57575e-04 1.35343e-03 6.64461e-03 4.19923e-04 4.08915e-02 4.20013e-04 
1.84733e-06 1.02373e-05 3.34316e-06 1.78767e-04 4.18239e-06 1.04034e-05 2.06778e-04 4.99623e-05 1.60712e-06 2.02436e-04 1.49468e-06 5.00123e-04 7.71318e-04 3.63104e-05 4.20013e-04 1.84830e-03 

