RIBOSUM

	A	C	G	U
A	2.23
C	-1.80	1.11
G	-1.43	-2.44	1.04
U	-1.38	-0.98	-1.75	1.66


	AA	AC	AG	AU	CA	CC	CG	CU	GA	GC	GG	GU	UA	UC	UG	UU
AA	-2.22
AC	-8.60	-2.02
AG	-7.74	-9.53	-1.87
AU	-4.76	-2.27	-5.87	4.48
CA	-9.56	-10.44	-9.91	-5.79	-2.68
CC	-12.32	-8.88	-13.19	-6.19	-10.16	-2.87
CG	-4.78	-5.57	-4.71	1.69	-3.26	-4.84	5.38
CU	-11.27	-9.30	-8.26	-5.04	-7.50	-5.96	-4.46	-0.93
GA	-7.87	-9.32	-7.41	-5.80	-7.75	-12.32	-4.12	-7.36	-1.02
GC	-5.06	-3.68	-5.20	2.65	-5.72	-3.89	2.15	-5.58	-3.96	5.63
GG	-9.23	-9.23	-5.42	-5.68	-10.68	-11.99	-4.61	-11.71	-6.29	-3.74	-2.02
GU	-6.02	-4.50	-6.84	0.51	-7.31	-7.54	-0.30	-5.22	-6.06	1.27	-5.85	3.45
UA	-4.13	-5.59	-6.04	1.57	-2.87	-6.40	2.75	-4.39	-5.20	1.61	-6.02	-0.68	4.93
UC	-10.75	-8.24	-8.22	-5.26	-7.91	-7.71	-5.45	-3.83	-6.62	-4.26	-11.56	-5.09	-3.01	-3.40
UG	-6.01	-7.21	-5.82	-0.73	-5.89	-8.12	1.22	-7.02	-7.17	-0.11	-4.75	-2.13	0.94	-5.84	3.27
UU	-9.38	-7.10	-10.11	-3.47	-8.36	-6.00	-3.46	-4.28	-10.52	-3.77	-10.60	-4.53	-3.47	-5.69	-4.16	-0.19


BASE FREQUENCIES
2.55211e-01 2.23064e-01 3.00514e-01 2.21211e-01 

BASE PAIR FREQUENCIES
1.95556e-03 2.16168e-03 2.81079e-03 1.28393e-01 
1.73425e-03 9.26777e-04 2.60428e-01 2.29707e-03 
4.29374e-03 2.85783e-01 3.43372e-03 7.27326e-02 
1.55509e-01 1.37478e-03 7.23774e-02 3.78873e-03 


BASE MATCH FREQUENCIES
3.04987e-01 1.62997e-02 2.83855e-02 2.17398e-02 1.62997e-02 1.07468e-01 1.23432e-02 2.50918e-02 2.83855e-02 1.23432e-02 1.85258e-01 1.97361e-02 2.17398e-02 2.50918e-02 1.97361e-02 1.55095e-01 

BASE PAIR MATCH FREQUENCIES
9.12039e-04 9.57437e-06 2.34228e-05 1.35492e-04 4.92093e-06 6.32375e-07 1.58531e-04 1.30367e-06 2.13298e-05 1.31045e-04 9.80745e-06 6.65714e-05 2.09529e-04 1.86404e-06 6.73539e-05 4.77701e-06 
9.57437e-06 7.99721e-04 5.92519e-06 6.65862e-04 2.32538e-06 5.99371e-06 8.02219e-05 4.46985e-06 6.84604e-06 2.97973e-04 8.57579e-06 1.67656e-04 6.67625e-05 9.29990e-06 2.54845e-05 2.03096e-05 
2.34228e-05 5.92519e-06 1.60683e-03 7.40600e-05 4.54870e-06 4.07164e-07 1.95906e-04 1.23644e-05 3.46769e-05 1.40118e-04 1.61657e-04 4.46475e-05 6.57204e-05 1.27244e-05 9.04689e-05 3.40440e-06 
1.35492e-04 6.65862e-04 7.40600e-05 7.10738e-02 5.79382e-05 3.84068e-05 1.22527e-02 8.45817e-05 7.75760e-05 2.38032e-02 9.93961e-05 5.34204e-03 9.45480e-03 7.26675e-05 2.26808e-03 2.48902e-04 
4.92093e-06 2.32538e-06 4.54870e-06 5.79382e-05 5.05054e-04 2.47992e-06 3.97324e-04 1.55220e-05 2.02359e-05 7.23312e-05 3.13390e-06 2.38879e-05 4.39357e-04 1.16703e-05 6.38334e-05 8.48077e-06 
6.32375e-07 5.99371e-06 4.07164e-07 3.84068e-05 2.47992e-06 3.37597e-04 1.16351e-04 3.93435e-05 7.45922e-07 2.25168e-04 1.10441e-06 1.77198e-05 3.32568e-05 1.17271e-05 1.18492e-05 3.80132e-05 
1.58531e-04 8.02219e-05 1.95906e-04 1.22527e-02 3.97324e-04 1.16351e-04 1.86942e-01 1.50315e-04 2.95675e-04 1.99185e-02 2.47966e-04 3.62194e-03 2.54448e-02 7.54452e-05 1.03752e-02 2.97482e-04 
1.30367e-06 4.46985e-06 1.23644e-05 8.45817e-05 1.55220e-05 3.93435e-05 1.50315e-04 1.27524e-03 2.29798e-05 6.91636e-05 1.33279e-06 8.79082e-05 1.32417e-04 1.71347e-04 2.52007e-05 1.24038e-04 
2.13298e-05 6.84604e-06 3.46769e-05 7.75760e-05 2.02359e-05 7.45922e-07 2.95675e-04 2.29798e-05 2.89166e-03 3.30913e-04 8.87763e-05 7.61596e-05 1.17488e-04 3.85239e-05 3.54589e-05 2.55590e-06 
1.31045e-04 2.97973e-04 1.40118e-04 2.38032e-02 7.23312e-05 2.25168e-04 1.99185e-02 6.91636e-05 3.30913e-04 2.22151e-01 4.52156e-04 1.07636e-02 1.15122e-02 1.72307e-04 4.13044e-03 2.41246e-04 
9.80745e-06 8.57579e-06 1.61657e-04 9.93961e-05 3.13390e-06 1.10441e-06 2.47966e-04 1.33279e-06 8.87763e-05 4.52156e-04 2.00785e-03 1.03814e-04 7.84499e-05 1.47531e-06 2.23358e-04 2.84165e-06 
6.65714e-05 1.67656e-04 4.46475e-05 5.34204e-03 2.38879e-05 1.77198e-05 3.62194e-03 8.79082e-05 7.61596e-05 1.07636e-02 1.03814e-04 4.81908e-02 2.34269e-03 9.63206e-05 1.00779e-03 1.40521e-04 
2.09529e-04 6.67625e-05 6.57204e-05 9.45480e-03 4.39357e-04 3.32568e-05 2.54448e-02 1.32417e-04 1.17488e-04 1.15122e-02 7.84499e-05 2.34269e-03 9.74565e-02 3.46161e-04 7.19660e-03 2.50166e-04 
1.86404e-06 9.29990e-06 1.27244e-05 7.26675e-05 1.16703e-05 1.17271e-05 7.54452e-05 1.71347e-04 3.85239e-05 1.72307e-04 1.47531e-06 9.63206e-05 3.46161e-04 2.30559e-04 5.72389e-05 4.68509e-05 
6.73539e-05 2.54845e-05 9.04689e-05 2.26808e-03 6.38334e-05 1.18492e-05 1.03752e-02 2.52007e-05 3.54589e-05 4.13044e-03 2.23358e-04 1.00779e-03 7.19660e-03 5.72389e-05 4.25019e-02 1.82546e-04 
4.77701e-06 2.03096e-05 3.40440e-06 2.48902e-04 8.48077e-06 3.80132e-05 2.97482e-04 1.24038e-04 2.55590e-06 2.41246e-04 2.84165e-06 1.40521e-04 2.50166e-04 4.68509e-05 1.82546e-04 2.09953e-03 

