RIBOSUM

	A	C	G	U
A	1.53
C	-0.77	0.87
G	-0.55	-1.13	0.80
U	-0.61	-0.41	-0.83	0.94


	AA	AC	AG	AU	CA	CC	CG	CU	GA	GC	GG	GU	UA	UC	UG	UU
AA	-3.54
AC	-6.89	-1.43
AG	-7.69	-11.15	-4.67
AU	-3.76	-1.72	-4.62	3.77
CA	-9.79	-11.07	-10.63	-5.10	-3.45
CC	-10.87	-6.21	-12.82	-3.09	-11.10	-4.02
CG	-3.27	-3.81	-2.47	2.36	-2.43	-3.73	5.33
CU	-11.77	-8.25	-7.20	-3.69	-9.10	-5.21	-3.42	-1.61
GA	-8.47	-9.97	-8.94	-4.00	-6.77	-10.33	-4.40	-7.07	-2.66
GC	-3.62	-3.10	-4.48	3.26	-4.28	-2.42	3.22	-2.32	-1.90	5.64
GG	-10.47	-10.36	-4.43	-4.37	-10.82	-11.94	-4.01	-8.21	-6.09	-3.27	-2.15
GU	-4.24	-3.26	-5.52	0.82	-6.23	-6.32	0.72	-3.95	-5.11	1.80	-5.27	2.89
UA	-2.98	-4.33	-3.07	1.93	-2.90	-4.74	3.28	-3.64	-3.94	2.39	-5.32	0.22	4.19
UC	-10.21	-8.66	-8.79	-4.67	-10.24	-7.90	-4.26	-5.82	-8.04	-3.29	-9.37	-5.04	-3.47	-5.76
UG	-3.65	-5.57	-5.67	-0.45	-5.10	-6.95	1.50	-5.21	-6.75	0.66	-5.02	-1.04	1.00	-4.17	2.90
UU	-10.16	-6.64	-10.77	-3.04	-8.86	-6.66	-2.02	-5.24	-10.89	-2.31	-9.95	-3.21	-1.72	-5.80	-3.19	-2.03


BASE FREQUENCIES
2.72504e-01 2.05747e-01 2.75706e-01 2.46044e-01 

BASE PAIR FREQUENCIES
3.24024e-03 3.15653e-03 2.59953e-03 1.56630e-01 
2.15900e-03 1.24014e-03 2.32204e-01 2.98877e-03 
3.79786e-03 2.57837e-01 2.96986e-03 7.22654e-02 
1.78347e-01 1.43003e-03 7.42349e-02 4.89979e-03 


BASE MATCH FREQUENCIES
2.14514e-01 3.28297e-02 5.11636e-02 4.38779e-02 3.28297e-02 7.73096e-02 2.59558e-02 3.81800e-02 5.11636e-02 2.59558e-02 1.31943e-01 3.81601e-02 4.38779e-02 3.81800e-02 3.81601e-02 1.15899e-01 

BASE PAIR MATCH FREQUENCIES
4.73390e-04 3.50583e-05 2.69981e-05 3.68600e-04 4.69354e-06 1.68431e-06 4.37166e-04 1.07442e-06 1.56885e-05 3.41954e-04 3.99049e-06 2.66314e-04 6.29799e-04 3.17135e-06 4.01401e-04 3.92419e-06 
3.50583e-05 1.16275e-03 1.85487e-06 1.13966e-03 1.46040e-06 3.20136e-05 2.27027e-04 9.32727e-06 4.21198e-06 3.70466e-04 3.25170e-06 3.95952e-04 1.86837e-04 7.01056e-06 8.00843e-05 3.40575e-05 
2.69981e-05 1.85487e-06 2.21989e-04 2.05294e-04 2.65611e-06 4.39287e-07 7.70162e-04 2.58231e-05 1.15168e-05 1.91423e-04 2.64335e-04 1.11359e-04 6.01012e-04 8.56940e-06 9.97626e-05 2.61134e-06 
3.68600e-04 1.13966e-03 2.05294e-04 6.12745e-02 1.09552e-04 3.32501e-04 1.95679e-02 2.62413e-04 3.14368e-04 3.64963e-02 2.47102e-04 8.01966e-03 1.71038e-02 1.33444e-04 3.32604e-03 4.92520e-04 
4.69354e-06 1.46040e-06 2.65611e-06 1.09552e-04 2.87404e-04 1.07996e-06 5.88276e-04 5.16985e-06 3.87011e-05 1.64011e-04 2.35327e-06 5.06975e-05 5.04884e-04 2.34405e-06 1.10547e-04 7.29436e-06 
1.68431e-06 3.20136e-05 4.39287e-07 3.32501e-04 1.07996e-06 1.10362e-04 1.81350e-04 5.80108e-05 2.47593e-06 4.47551e-04 8.21567e-07 3.59922e-05 1.06112e-04 8.94522e-06 2.32274e-05 2.52729e-05 
4.37166e-04 2.27027e-04 7.70162e-04 1.95679e-02 5.88276e-04 1.81350e-04 1.29536e-01 2.68397e-04 2.02027e-04 3.00525e-02 2.66836e-04 6.32609e-03 3.68660e-02 1.50084e-04 1.08865e-02 8.48738e-04 
1.07442e-06 9.32727e-06 2.58231e-05 2.62413e-04 5.16985e-06 5.80108e-05 2.68397e-04 8.37071e-04 2.83198e-05 5.75010e-04 1.30148e-05 2.22388e-04 2.71760e-04 4.52140e-05 9.30654e-05 8.13574e-05 
1.56885e-05 4.21198e-06 1.15168e-05 3.14368e-04 3.87011e-05 2.47593e-06 2.02027e-04 2.83198e-05 8.95413e-04 1.14334e-03 8.36743e-05 1.47439e-04 3.27336e-04 1.44403e-05 4.74994e-05 2.39306e-06 
3.41954e-04 3.70466e-04 1.91423e-04 3.64963e-02 1.64011e-04 4.47551e-04 3.00525e-02 5.75010e-04 1.14334e-03 1.60923e-01 4.46175e-04 1.34348e-02 1.98887e-02 2.92615e-04 6.07801e-03 6.91596e-04 
3.99049e-06 3.25170e-06 2.64335e-04 2.47102e-04 2.35327e-06 8.21567e-07 2.66836e-04 1.30148e-05 8.36743e-05 4.46175e-04 1.29788e-03 1.33942e-04 1.27534e-04 5.80222e-06 1.59333e-04 4.65081e-06 
2.66314e-04 3.95952e-04 1.11359e-04 8.01966e-03 5.06975e-05 3.59922e-05 6.32609e-03 2.22388e-04 1.47439e-04 1.34348e-02 1.33942e-04 3.40746e-02 5.28286e-03 1.04298e-04 2.23770e-03 4.44742e-04 
6.29799e-04 1.86837e-04 6.01012e-04 1.71038e-02 5.04884e-04 1.06112e-04 3.68660e-02 2.71760e-04 3.27336e-04 1.98887e-02 1.27534e-04 5.28286e-03 8.20793e-02 3.06264e-04 9.08389e-03 1.23608e-03 
3.17135e-06 7.01056e-06 8.56940e-06 1.33444e-04 2.34405e-06 8.94522e-06 1.50084e-04 4.52140e-05 1.44403e-05 2.92615e-04 5.80222e-06 1.04298e-04 3.06264e-04 4.74118e-05 1.90998e-04 5.51019e-05 
4.01401e-04 8.00843e-05 9.97626e-05 3.32604e-03 1.10547e-04 2.32274e-05 1.08865e-02 9.30654e-05 4.74994e-05 6.07801e-03 1.59333e-04 2.23770e-03 9.08389e-03 1.90998e-04 3.44467e-02 4.49767e-04 
3.92419e-06 3.40575e-05 2.61134e-06 4.92520e-04 7.29436e-06 2.52729e-05 8.48738e-04 8.13574e-05 2.39306e-06 6.91596e-04 4.65081e-06 4.44742e-04 1.23608e-03 5.51019e-05 4.49767e-04 8.94883e-04 

