RIBOSUM

	A	C	G	U
A	2.34
C	-2.25	1.23
G	-1.85	-2.89	1.13
U	-1.82	-1.17	-2.15	1.79


	AA	AC	AG	AU	CA	CC	CG	CU	GA	GC	GG	GU	UA	UC	UG	UU
AA	-1.70
AC	-9.68	-1.97
AG	-9.00	-9.64	-1.68
AU	-5.57	-2.60	-6.53	4.66
CA	-10.17	-11.29	-11.22	-6.52	-2.31
CC	-14.11	-9.83	-13.74	-7.12	-10.71	-2.33
CG	-5.59	-6.24	-5.13	1.43	-3.75	-5.20	5.46
CU	-11.68	-11.20	-7.88	-6.08	-7.87	-6.46	-4.92	-0.72
GA	-8.77	-8.50	-7.86	-6.80	-8.69	-11.78	-3.85	-6.27	-0.90
GC	-5.49	-4.06	-5.98	2.45	-6.12	-4.49	1.76	-6.87	-4.30	5.66
GG	-9.66	-8.68	-5.69	-6.64	-11.93	-13.10	-4.59	-12.60	-6.33	-4.19	-1.98
GU	-7.21	-5.88	-7.18	0.24	-8.20	-8.30	-0.66	-6.62	-6.78	1.01	-6.04	3.58
UA	-4.84	-6.27	-6.70	1.34	-3.40	-7.22	2.51	-4.07	-5.31	1.23	-6.64	-1.02	5.09
UC	-11.71	-8.71	-8.07	-6.02	-8.33	-8.93	-5.93	-4.11	-6.33	-4.83	-12.27	-5.38	-2.82	-3.50
UG	-6.75	-7.88	-5.97	-0.93	-6.38	-9.16	1.02	-8.32	-7.59	-0.27	-4.55	-2.29	0.84	-6.88	3.37
UU	-10.01	-8.18	-10.18	-3.94	-8.35	-7.12	-4.01	-4.53	-11.67	-4.23	-11.45	-5.14	-3.86	-4.95	-5.07	0.06


BASE FREQUENCIES
2.52318e-01 2.23925e-01 3.01865e-01 2.21892e-01 

BASE PAIR FREQUENCIES
1.95021e-03 1.79333e-03 2.65148e-03 1.27920e-01 
1.52243e-03 9.13777e-04 2.62720e-01 2.19672e-03 
4.43241e-03 2.84724e-01 3.35663e-03 7.39593e-02 
1.54004e-01 1.24804e-03 7.28996e-02 3.70766e-03 


BASE MATCH FREQUENCIES
3.21955e-01 1.19043e-02 2.11242e-02 1.58526e-02 1.19043e-02 1.17632e-01 9.09653e-03 2.21016e-02 2.11242e-02 9.09653e-03 1.99230e-01 1.50989e-02 1.58526e-02 2.21016e-02 1.50989e-02 1.70827e-01 

BASE PAIR MATCH FREQUENCIES
1.24465e-03 4.39084e-06 9.45388e-06 7.48298e-05 3.12511e-06 1.80116e-07 8.95651e-05 9.61208e-07 1.11046e-05 9.55674e-05 7.16460e-06 2.88473e-05 1.24600e-04 9.41251e-07 3.95715e-05 3.03211e-06 
4.39084e-06 8.16771e-04 5.38794e-06 5.20901e-04 1.27611e-06 3.11321e-06 5.05170e-05 1.19527e-06 1.19019e-05 2.29415e-04 1.25896e-05 6.40505e-05 4.11313e-05 6.69593e-06 1.61023e-05 9.57265e-06 
9.45388e-06 5.38794e-06 1.81539e-03 4.60918e-05 1.80305e-06 2.78454e-07 1.47229e-04 1.60380e-05 2.49118e-05 8.15008e-05 1.34106e-04 3.52547e-05 4.09898e-05 1.40745e-05 8.16410e-05 3.23761e-06 
7.48298e-05 5.20901e-04 4.60918e-05 7.94862e-02 3.44158e-05 2.02447e-05 1.01949e-02 4.11345e-05 3.83885e-05 2.06670e-02 5.10777e-05 4.43654e-03 7.94925e-03 4.28743e-05 1.96989e-03 1.79995e-04 
3.12511e-06 1.27611e-06 1.80305e-06 3.44158e-05 6.45671e-04 1.68941e-06 2.84406e-04 1.19664e-05 1.04078e-05 5.51000e-05 1.31963e-06 1.28587e-05 3.00049e-04 8.73799e-06 4.54159e-05 8.50454e-06 
1.80116e-07 3.11321e-06 2.78454e-07 2.02447e-05 1.68941e-06 4.99308e-04 9.22836e-05 2.82679e-05 1.08533e-06 1.50868e-04 5.20302e-07 1.06349e-05 1.88870e-05 5.12503e-06 5.87586e-06 1.78088e-05 
8.95651e-05 5.05170e-05 1.47229e-04 1.01949e-02 2.84406e-04 9.22836e-05 2.01417e-01 1.10658e-04 3.57726e-04 1.55061e-02 2.55179e-04 2.86868e-03 2.16195e-02 5.52765e-05 9.17687e-03 2.06657e-04 
9.61208e-07 1.19527e-06 1.60380e-05 4.11345e-05 1.19664e-05 2.82679e-05 1.10658e-04 1.49369e-03 4.90332e-05 2.86367e-05 7.27296e-07 3.39076e-05 1.65574e-04 1.43354e-04 1.03817e-05 1.06032e-04 
1.11046e-05 1.19019e-05 2.49118e-05 3.83885e-05 1.04078e-05 1.08533e-06 3.57726e-04 4.90332e-05 3.11845e-03 2.60462e-04 8.61346e-05 4.63929e-05 1.07415e-04 4.68933e-05 2.64843e-05 1.14916e-06 
9.55674e-05 2.29415e-04 8.15008e-05 2.06670e-02 5.51000e-05 1.50868e-04 1.55061e-02 2.86367e-05 2.60462e-04 2.30927e-01 3.37178e-04 9.12536e-03 8.86446e-03 1.17969e-04 3.75960e-03 1.77080e-04 
7.16460e-06 1.25896e-05 1.34106e-04 5.10777e-05 1.31963e-06 5.20302e-07 2.55179e-04 7.27296e-07 8.61346e-05 3.37178e-04 2.11175e-03 9.24822e-05 5.10126e-05 9.18055e-07 2.60246e-04 1.60791e-06 
2.88473e-05 6.40505e-05 3.52547e-05 4.43654e-03 1.28587e-05 1.06349e-05 2.86868e-03 3.39076e-05 4.63929e-05 9.12536e-03 9.24822e-05 5.36081e-02 1.85167e-03 7.97389e-05 9.17059e-04 9.36531e-05 
1.24600e-04 4.11313e-05 4.09898e-05 7.94925e-03 3.00049e-04 1.88870e-05 2.16195e-02 1.65574e-04 1.07415e-04 8.86446e-03 5.10126e-05 1.85167e-03 1.06976e-01 3.94720e-04 6.71979e-03 1.89868e-04 
9.41251e-07 6.69593e-06 1.40745e-05 4.28743e-05 8.73799e-06 5.12503e-06 5.52765e-05 1.43354e-04 4.68933e-05 1.17969e-04 9.18055e-07 7.97389e-05 3.94720e-04 2.17716e-04 2.81734e-05 7.93784e-05 
3.95715e-05 1.61023e-05 8.16410e-05 1.96989e-03 4.54159e-05 5.87586e-06 9.17687e-03 1.03817e-05 2.64843e-05 3.75960e-03 2.60246e-04 9.17059e-04 6.71979e-03 2.81734e-05 4.64907e-02 9.79652e-05 
3.03211e-06 9.57265e-06 3.23761e-06 1.79995e-04 8.50454e-06 1.78088e-05 2.06657e-04 1.06032e-04 1.14916e-06 1.77080e-04 1.60791e-06 9.36531e-05 1.89868e-04 7.93784e-05 9.79652e-05 2.52953e-03 

