RIBOSUM

	A	C	G	U
A	1.41
C	-0.66	0.85
G	-0.48	-1.05	0.78
U	-0.55	-0.35	-0.77	0.83


	AA	AC	AG	AU	CA	CC	CG	CU	GA	GC	GG	GU	UA	UC	UG	UU
AA	-3.70
AC	-5.99	-1.73
AG	-10.41	-11.22	-4.40
AU	-4.41	-1.80	-4.88	3.70
CA	-10.72	-10.97	-11.49	-5.45	-3.39
CC	-9.94	-5.69	-12.60	-3.02	-11.57	-3.90
CG	-3.35	-3.86	-2.24	2.38	-1.91	-4.50	5.41
CU	-11.39	-8.16	-6.55	-3.28	-8.30	-4.57	-3.04	-1.52
GA	-7.68	-9.61	-9.66	-3.67	-6.39	-10.24	-4.50	-6.19	-2.69
GC	-3.68	-3.01	-4.32	3.27	-3.79	-2.55	3.23	-2.30	-1.70	5.72
GG	-11.10	-10.97	-4.78	-4.56	-11.51	-11.71	-4.33	-7.21	-7.61	-3.95	-2.68
GU	-5.49	-3.57	-6.15	0.85	-6.91	-5.84	0.82	-3.74	-5.52	1.88	-4.80	2.86
UA	-3.15	-4.05	-2.89	1.94	-2.94	-4.04	3.37	-3.22	-3.55	2.44	-5.21	0.20	4.10
UC	-11.10	-9.21	-9.46	-4.65	-9.74	-6.99	-4.11	-5.44	-7.66	-2.91	-8.43	-4.93	-3.12	-5.44
UG	-3.56	-5.23	-5.72	-0.43	-5.93	-6.35	1.63	-5.12	-7.60	0.64	-4.99	-0.99	1.01	-3.97	2.86
UU	-9.81	-7.00	-10.35	-3.34	-8.59	-6.48	-1.75	-5.22	-11.01	-2.50	-10.38	-3.08	-1.79	-6.26	-2.98	-1.72


BASE FREQUENCIES
2.77431e-01 2.01774e-01 2.67130e-01 2.53665e-01 

BASE PAIR FREQUENCIES
3.07175e-03 2.93859e-03 2.69225e-03 1.64530e-01 
2.37711e-03 1.26329e-03 2.23725e-01 3.39481e-03 
3.84625e-03 2.49363e-01 2.46485e-03 7.28397e-02 
1.86070e-01 1.68372e-03 7.42255e-02 5.51380e-03 


BASE MATCH FREQUENCIES
2.04423e-01 3.54139e-02 5.29547e-02 4.81617e-02 3.54139e-02 7.33435e-02 2.59908e-02 4.01999e-02 5.29547e-02 2.59908e-02 1.22938e-01 3.96898e-02 4.81617e-02 4.01999e-02 3.96898e-02 1.14474e-01 

BASE PAIR MATCH FREQUENCIES
4.56350e-04 6.79131e-05 4.19844e-06 2.54385e-04 2.55975e-06 3.17912e-06 4.06552e-04 1.47094e-06 2.78725e-05 3.23463e-04 2.49752e-06 1.16010e-04 6.10844e-04 1.79359e-06 4.41331e-04 5.51153e-06 
6.79131e-05 9.44735e-04 1.74395e-06 1.12874e-03 1.55773e-06 4.40536e-05 2.08187e-04 1.00327e-05 5.29436e-06 3.75822e-04 1.99194e-06 3.19759e-04 2.38291e-04 4.82661e-06 1.01191e-04 2.81264e-05 
4.19844e-06 1.74395e-06 2.60456e-04 1.76985e-04 1.44267e-06 4.85755e-07 8.44646e-04 4.04310e-05 6.80655e-06 2.00312e-04 1.92795e-04 7.08296e-05 7.01522e-04 5.39307e-06 9.55147e-05 3.65271e-06 
2.54385e-04 1.12874e-03 1.76985e-04 6.42635e-02 9.01797e-05 3.52515e-04 1.97341e-02 3.69938e-04 4.09855e-04 3.65216e-02 2.12249e-04 8.59957e-03 1.90049e-02 1.43371e-04 3.54838e-03 4.46219e-04 
2.55975e-06 1.55773e-06 1.44267e-06 9.01797e-05 2.98414e-04 7.51394e-07 8.02043e-04 9.10206e-06 4.96237e-05 2.17490e-04 1.36552e-06 3.16187e-05 5.13585e-04 3.35192e-06 6.23651e-05 9.34450e-06 
3.17912e-06 4.40536e-05 4.85755e-07 3.52515e-04 7.51394e-07 1.10774e-04 9.67951e-05 8.78369e-05 2.50042e-06 3.74708e-04 8.65335e-07 4.80821e-05 1.74080e-04 1.63760e-05 3.39289e-05 2.92842e-05 
4.06552e-04 2.08187e-04 8.44646e-04 1.97341e-02 8.02043e-04 9.67951e-05 1.23768e-01 3.34357e-04 1.76544e-04 2.72486e-02 1.91227e-04 6.45070e-03 3.93210e-02 1.60238e-04 1.12995e-02 1.02839e-03 
1.47094e-06 1.00327e-05 4.04310e-05 3.69938e-04 9.10206e-06 8.78369e-05 3.34357e-04 9.10825e-04 5.18882e-05 5.62121e-04 2.47010e-05 2.60084e-04 3.87765e-04 6.02242e-05 1.00014e-04 8.80832e-05 
2.78725e-05 5.29436e-06 6.80655e-06 4.09855e-04 4.96237e-05 2.50042e-06 1.76544e-04 5.18882e-05 8.48505e-04 1.22683e-03 2.70537e-05 1.09504e-04 4.45742e-04 1.87234e-05 2.58078e-05 2.31715e-06 
3.23463e-04 3.75822e-04 2.00312e-04 3.65216e-02 2.17490e-04 3.74708e-04 2.72486e-02 5.62121e-04 1.22683e-03 1.53076e-01 2.48506e-04 1.34710e-02 2.05659e-02 3.66055e-04 5.69882e-03 6.12564e-04 
2.49752e-06 1.99194e-06 1.92795e-04 2.12249e-04 1.36552e-06 8.65335e-07 1.91227e-04 2.47010e-05 2.70537e-05 2.48506e-04 7.96387e-04 1.73477e-04 1.35753e-04 1.06117e-05 1.52081e-04 3.43583e-06 
1.16010e-04 3.19759e-04 7.08296e-05 8.59957e-03 3.16187e-05 4.80821e-05 6.45070e-03 2.60084e-04 1.09504e-04 1.34710e-02 1.73477e-04 3.33766e-02 5.47187e-03 1.14157e-04 2.30724e-03 5.16822e-04 
6.10844e-04 2.38291e-04 7.01522e-04 1.90049e-02 5.13585e-04 1.74080e-04 3.93210e-02 3.87765e-04 4.45742e-04 2.05659e-02 1.35753e-04 5.47187e-03 8.49228e-02 4.13356e-04 9.58727e-03 1.31359e-03 
1.79359e-06 4.82661e-06 5.39307e-06 1.43371e-04 3.35192e-06 1.63760e-05 1.60238e-04 6.02242e-05 1.87234e-05 3.66055e-04 1.06117e-05 1.14157e-04 4.13356e-04 6.02953e-05 2.21352e-04 4.30575e-05 
4.41331e-04 1.01191e-04 9.55147e-05 3.54838e-03 6.23651e-05 3.39289e-05 1.12995e-02 1.00014e-04 2.58078e-05 5.69882e-03 1.52081e-04 2.30724e-03 9.58727e-03 2.21352e-04 3.33349e-02 5.52860e-04 
5.51153e-06 2.81264e-05 3.65271e-06 4.46219e-04 9.34450e-06 2.92842e-05 1.02839e-03 8.80832e-05 2.31715e-06 6.12564e-04 3.43583e-06 5.16822e-04 1.31359e-03 4.30575e-05 5.52860e-04 1.25306e-03 

