RIBOSUM

	A	C	G	U
A	2.36
C	-4.41	1.72
G	-3.97	-4.93	1.44
U	-3.59	-2.58	-4.34	1.96


	AA	AC	AG	AU	CA	CC	CG	CU	GA	GC	GG	GU	UA	UC	UG	UU
AA	-0.44
AC	-8.04	-0.81
AG	-7.51	-9.94	-1.13
AU	-5.33	-5.27	-8.17	5.13
CA	-9.40	-11.53	-10.83	-9.49	-1.10
CC	-13.88	-8.54	-14.26	-8.97	-10.78	-0.94
CG	-7.40	-8.33	-5.50	-1.44	-4.10	-5.39	6.02
CU	-13.99	-14.03	-13.18	-5.87	-10.56	-8.80	-5.40	0.17
GA	-8.75	-12.78	-9.46	-9.33	-10.03	-16.76	-9.62	-15.99	-0.79
GC	-5.92	-3.85	-9.03	0.23	-8.61	-5.13	-0.91	-8.18	-6.45	6.13
GG	-9.95	-11.21	-6.99	-8.78	-12.69	-14.36	-5.81	-14.66	-8.61	-4.80	-1.81
GU	-8.14	-6.85	-8.93	-1.37	-9.93	-9.67	-2.82	-6.62	-7.32	-0.04	-6.55	3.86
UA	-5.57	-8.73	-9.66	-1.96	-4.49	-9.16	0.25	-8.44	-7.66	-2.11	-8.85	-4.15	5.25
UC	-11.78	-9.43	-11.71	-9.37	-12.99	-8.82	-7.70	-8.08	-15.24	-4.73	-12.92	-6.62	-5.81	-1.34
UG	-8.58	-9.61	-7.03	-3.91	-6.72	-10.25	0.04	-9.54	-9.81	-3.14	-6.52	-4.42	-1.43	-7.96	3.78
UU	-11.55	-9.34	-12.04	-4.70	-10.97	-10.24	-5.45	-7.86	-15.85	-6.31	-12.95	-5.75	-4.66	-5.52	-6.59	0.11


BASE FREQUENCIES
2.62121e-01 2.13348e-01 2.80163e-01 2.44369e-01 

BASE PAIR FREQUENCIES
4.01588e-03 2.19892e-03 2.76325e-03 1.53557e-01 
1.91310e-03 1.29562e-03 2.45725e-01 3.26023e-03 
3.26819e-03 2.61590e-01 2.20327e-03 7.48954e-02 
1.64814e-01 1.43273e-03 7.25522e-02 4.51507e-03 


BASE MATCH FREQUENCIES
3.51813e-01 2.63315e-03 4.69093e-03 5.32970e-03 2.63315e-03 1.49716e-01 1.95516e-03 8.69438e-03 4.69093e-03 1.95516e-03 2.13309e-01 3.39222e-03 5.32970e-03 8.69438e-03 3.39222e-03 2.31771e-01 

BASE PAIR MATCH FREQUENCIES
3.48014e-03 1.45855e-05 2.76172e-05 1.09355e-04 5.68309e-06 2.07091e-07 2.42899e-05 2.19642e-07 1.17133e-05 6.78896e-05 5.46470e-06 1.66740e-05 9.25284e-05 1.02165e-06 1.23187e-05 1.37057e-06 
1.45855e-05 1.78628e-03 4.18827e-06 9.29095e-05 1.06056e-06 6.81895e-06 1.04198e-05 1.74459e-07 5.83621e-07 2.32340e-04 1.85629e-06 3.31522e-05 8.41601e-06 4.21462e-06 4.88861e-06 5.15300e-06 
2.76172e-05 4.18827e-06 2.47248e-03 1.63050e-05 2.26043e-06 1.70694e-07 9.69953e-05 4.12928e-07 7.68246e-06 8.36900e-06 4.53806e-05 1.03345e-05 5.80609e-06 1.14089e-06 3.85285e-05 1.04048e-06 
1.09355e-04 9.29095e-05 1.63050e-05 1.43651e-01 4.99712e-06 5.80107e-06 1.41210e-03 5.70954e-05 7.29589e-06 4.47826e-03 1.14214e-05 1.69107e-03 1.05220e-03 5.03044e-06 2.92075e-04 1.47531e-04 
5.68309e-06 1.06056e-06 2.26043e-06 4.99712e-06 1.45579e-03 1.44713e-06 1.94466e-04 1.92909e-06 3.93725e-06 8.57986e-06 6.62692e-07 3.93097e-06 1.59832e-04 3.58958e-07 3.63853e-05 1.66050e-06 
2.07091e-07 6.81895e-06 1.70694e-07 5.80107e-06 1.44713e-06 1.08199e-03 6.50819e-05 5.32037e-06 3.01224e-08 7.77371e-05 1.69438e-07 3.81299e-06 5.10825e-06 5.26012e-06 2.56040e-06 2.25039e-06 
2.42899e-05 1.04198e-05 9.69953e-05 1.41210e-03 1.94466e-04 6.50819e-05 2.32648e-01 7.37107e-05 5.57264e-06 1.89500e-03 8.33775e-05 5.78754e-04 4.54635e-03 1.49570e-05 4.20237e-03 8.18739e-05 
2.19642e-07 1.74459e-07 4.12928e-07 5.70954e-05 1.92909e-06 5.32037e-06 7.37107e-05 3.05994e-03 5.89897e-08 1.07474e-05 1.58143e-07 3.61870e-05 9.58770e-06 1.00471e-05 4.79950e-06 1.34050e-05 
1.17133e-05 5.83621e-07 7.68246e-06 7.29589e-06 3.93725e-06 3.01224e-08 5.57264e-06 5.89897e-08 3.11918e-03 5.02705e-05 1.47123e-05 3.14542e-05 2.33072e-05 9.91529e-08 5.60151e-06 7.40509e-08 
6.78896e-05 2.32340e-04 8.36900e-06 4.47826e-03 8.57986e-06 7.77371e-05 1.89500e-03 1.07474e-05 5.02705e-05 2.50441e-01 1.68973e-04 3.98882e-03 8.89923e-04 1.17130e-04 4.64634e-04 4.49514e-05 
5.46470e-06 1.85629e-06 4.53806e-05 1.14214e-05 6.62692e-07 1.69438e-07 8.33775e-05 1.58143e-07 1.47123e-05 1.68973e-04 1.75420e-03 5.73731e-05 1.08930e-05 5.29652e-07 5.85416e-05 5.91152e-07 
1.66740e-05 3.31522e-05 1.03345e-05 1.69107e-03 3.93097e-06 3.81299e-06 5.78754e-04 3.61870e-05 3.14542e-05 3.98882e-03 5.73731e-05 6.82342e-02 2.47875e-04 3.63452e-05 2.18682e-04 7.59423e-05 
9.25284e-05 8.41601e-06 5.80609e-06 1.05220e-03 1.59832e-04 5.10825e-06 4.54635e-03 9.58770e-06 2.33072e-05 8.89923e-04 1.08930e-05 2.47875e-04 1.55714e-01 5.93530e-05 1.62824e-03 1.51628e-04 
1.02165e-06 4.21462e-06 1.14089e-06 5.03044e-06 3.58958e-07 5.26012e-06 1.49570e-05 1.00471e-05 9.91529e-08 1.17130e-04 5.29652e-07 3.63452e-05 5.93530e-05 1.07295e-03 1.43156e-05 6.80113e-05 
1.23187e-05 4.88861e-06 3.85285e-05 2.92075e-04 3.63853e-05 2.56040e-06 4.20237e-03 4.79950e-06 5.60151e-06 4.64634e-04 5.85416e-05 2.18682e-04 1.62824e-03 1.43156e-05 6.45589e-02 4.24518e-05 
1.37057e-06 5.15300e-06 1.04048e-06 1.47531e-04 1.66050e-06 2.25039e-06 8.18739e-05 1.34050e-05 7.40509e-08 4.49514e-05 5.91152e-07 7.59423e-05 1.51628e-04 6.80113e-05 4.24518e-05 3.84054e-03 

