RIBOSUM

	A	C	G	U
A	1.99
C	-1.21	0.98
G	-0.95	-1.52	0.90
U	-1.06	-0.66	-1.19	1.35


	AA	AC	AG	AU	CA	CC	CG	CU	GA	GC	GG	GU	UA	UC	UG	UU
AA	-2.53
AC	-9.60	-1.81
AG	-9.36	-10.10	-2.33
AU	-5.30	-1.81	-6.40	4.25
CA	-10.33	-11.58	-10.95	-5.95	-3.09
CC	-13.59	-9.37	-13.62	-2.28	-11.06	-3.10
CG	-3.79	-5.62	-4.76	2.01	-3.48	-4.93	5.28
CU	-12.13	-10.23	-8.62	-4.45	-8.52	-6.84	-4.20	-1.45
GA	-9.17	-9.07	-8.40	-4.68	-9.00	-12.20	-4.35	-6.93	-1.54
GC	-5.54	-3.94	-6.01	2.85	-5.69	-3.86	2.78	-2.11	-2.34	5.53
GG	-9.59	-8.98	-4.07	-6.13	-11.92	-13.12	-4.76	-10.17	-6.89	-4.34	-2.21
GU	-6.99	-4.94	-7.00	0.61	-7.02	-7.69	0.28	-4.36	-6.18	1.38	-5.70	3.27
UA	-2.32	-5.94	-2.75	1.83	-3.39	-6.57	2.96	-4.26	-4.74	1.77	-6.61	0.02	4.70
UC	-12.02	-9.06	-8.49	-4.90	-9.03	-8.95	-5.07	-4.77	-6.97	-4.00	-11.55	-4.71	-3.51	-4.29
UG	-3.39	-7.29	-6.34	-0.80	-6.55	-8.20	1.12	-6.86	-7.46	0.15	-4.49	-1.28	0.84	-4.51	3.16
UU	-10.41	-8.17	-10.68	-3.60	-8.79	-7.53	-3.16	-5.36	-11.46	-3.29	-10.51	-2.76	-1.63	-5.84	-4.42	-0.88


BASE FREQUENCIES
2.53788e-01 2.21696e-01 2.95697e-01 2.28819e-01 

BASE PAIR FREQUENCIES
2.51529e-03 2.16539e-03 2.55299e-03 1.34175e-01 
1.88548e-03 1.15353e-03 2.57738e-01 2.75956e-03 
4.14412e-03 2.79121e-01 3.06162e-03 7.37376e-02 
1.56519e-01 1.29382e-03 7.31243e-02 4.05381e-03 


BASE MATCH FREQUENCIES
2.55911e-01 2.42776e-02 3.88722e-02 2.77859e-02 2.42776e-02 9.71809e-02 2.29266e-02 3.20134e-02 3.88722e-02 2.29266e-02 1.62897e-01 2.96244e-02 2.77859e-02 3.20134e-02 2.96244e-02 1.33010e-01 

BASE PAIR MATCH FREQUENCIES
7.18771e-04 4.68365e-06 7.36074e-06 9.50117e-05 2.81416e-06 2.57230e-07 3.04861e-04 7.29554e-07 8.39245e-06 9.06447e-05 7.31983e-06 3.41697e-05 7.50034e-04 7.88186e-07 4.16494e-04 2.48688e-06 
4.68365e-06 9.00880e-04 3.84297e-06 9.30725e-04 1.03433e-06 4.18091e-06 7.48969e-05 2.36995e-06 7.86327e-06 2.40302e-04 9.76065e-06 1.24348e-04 5.31272e-05 5.33640e-06 2.42950e-05 1.01984e-05 
7.36074e-06 3.84297e-06 1.12213e-03 5.17764e-05 2.13790e-06 2.92253e-07 1.81536e-04 9.70531e-06 1.67223e-05 7.60728e-05 3.90149e-04 3.97344e-05 6.46220e-04 1.05850e-05 6.25172e-05 2.38742e-06 
9.50117e-05 9.30725e-04 5.17764e-05 6.40037e-02 5.27694e-05 5.87505e-04 1.53520e-02 1.34838e-04 1.69508e-04 2.74448e-02 7.23181e-05 5.98366e-03 1.20164e-02 9.86508e-05 2.26289e-03 2.50512e-04 
2.81416e-06 1.03433e-06 2.13790e-06 5.27694e-05 3.72815e-04 1.29460e-06 3.31116e-04 7.77025e-06 8.22759e-06 7.16771e-05 1.26784e-06 2.92569e-05 3.12439e-04 5.44946e-06 4.05155e-05 6.67195e-06 
2.57230e-07 4.18091e-06 2.92253e-07 5.87505e-04 1.29460e-06 2.82371e-04 1.05824e-04 2.18268e-05 7.85855e-07 2.22101e-04 4.84160e-07 1.61202e-05 3.00761e-05 5.03983e-06 1.12847e-05 1.39075e-05 
3.04861e-04 7.48969e-05 1.81536e-04 1.53520e-02 3.31116e-04 1.05824e-04 1.66396e-01 1.81472e-04 2.41884e-04 2.94318e-02 2.12206e-04 5.38602e-03 2.96330e-02 9.89376e-05 9.63742e-03 3.84227e-04 
7.29554e-07 2.36995e-06 9.70531e-06 1.34838e-04 7.77025e-06 2.18268e-05 1.81472e-04 9.41509e-04 3.12874e-05 7.72771e-04 3.84701e-06 1.66860e-04 1.54186e-04 9.41856e-05 2.95822e-05 6.48022e-05 
8.39245e-06 7.86327e-06 1.67223e-05 1.69508e-04 8.22759e-06 7.85855e-07 2.41884e-04 3.12874e-05 1.93093e-03 9.70335e-04 5.54070e-05 6.98042e-05 1.62875e-04 3.03329e-05 2.87864e-05 1.39114e-06 
9.06447e-05 2.40302e-04 7.60728e-05 2.74448e-02 7.16771e-05 2.22101e-04 2.94318e-02 7.72771e-04 9.70335e-04 1.99023e-01 2.82905e-04 1.15348e-02 1.29809e-02 2.08163e-04 4.92166e-03 3.51953e-04 
7.31983e-06 9.76065e-06 3.90149e-04 7.23181e-05 1.26784e-06 4.84160e-07 2.12206e-04 3.84701e-06 5.54070e-05 2.82905e-04 1.64868e-03 1.14029e-04 5.20994e-05 1.48096e-06 2.63168e-04 3.13099e-06 
3.41697e-05 1.24348e-04 3.97344e-05 5.98366e-03 2.92569e-05 1.61202e-05 5.38602e-03 1.66860e-04 6.98042e-05 1.15348e-02 1.14029e-04 4.42186e-02 3.99293e-03 1.31073e-04 1.88871e-03 5.23270e-04 
7.50034e-04 5.31272e-05 6.46220e-04 1.20164e-02 3.12439e-04 3.00761e-05 2.96330e-02 1.54186e-04 1.62875e-04 1.29809e-02 5.20994e-05 3.99293e-03 8.78306e-02 2.58403e-04 7.01591e-03 9.82705e-04 
7.88186e-07 5.33640e-06 1.05850e-05 9.86508e-05 5.44946e-06 5.03983e-06 9.89376e-05 9.41856e-05 3.03329e-05 2.08163e-04 1.48096e-06 1.31073e-04 2.58403e-04 1.31098e-04 1.50925e-04 4.63936e-05 
4.16494e-04 2.42950e-05 6.25172e-05 2.26289e-03 4.05155e-05 1.12847e-05 9.63742e-03 2.95822e-05 2.87864e-05 4.92166e-03 2.63168e-04 1.88871e-03 7.01591e-03 1.50925e-04 4.08120e-02 1.65711e-04 
2.48688e-06 1.01984e-05 2.38742e-06 2.50512e-04 6.67195e-06 1.39075e-05 3.84227e-04 6.48022e-05 1.39114e-06 3.51953e-04 3.13099e-06 5.23270e-04 9.82705e-04 4.63936e-05 1.65711e-04 1.48444e-03 

