RIBOSUM

	A	C	G	U
A	1.77
C	-1.25	1.17
G	-0.93	-1.92	1.04
U	-0.89	-0.75	-1.28	1.26


	AA	AC	AG	AU	CA	CC	CG	CU	GA	GC	GG	GU	UA	UC	UG	UU
AA	-2.93
AC	-9.86	-2.44
AG	-9.22	-10.56	-2.24
AU	-5.65	-2.63	-6.54	4.09
CA	-8.86	-9.62	-11.29	-5.14	-2.74
CC	-12.13	-10.05	-13.84	-7.11	-10.64	-2.42
CG	-5.56	-6.30	-3.95	1.84	-2.71	-5.31	5.66
CU	-10.59	-9.88	-3.59	-4.75	-8.73	-3.27	-3.84	-0.85
GA	-4.69	-8.09	-7.75	-6.08	-3.55	-12.19	-4.34	-7.70	-1.84
GC	-3.01	-3.95	-5.97	3.01	-2.93	-4.21	2.22	-3.84	-3.75	6.00
GG	-9.85	-9.53	-5.49	-5.96	-10.99	-13.52	-5.04	-11.08	-5.78	-4.50	-2.69
GU	-7.33	-4.34	-5.30	0.81	-6.17	-6.31	-0.48	-5.19	-6.90	1.60	-5.58	3.22
UA	-3.84	-6.40	-5.29	1.52	-2.40	-4.58	3.17	-3.25	-4.86	1.79	-6.72	-0.38	4.46
UC	-12.28	-9.23	-9.37	-6.58	-9.20	-8.66	-6.11	-5.15	-7.69	-4.91	-12.93	-5.77	-3.05	-4.59
UG	-6.46	-7.91	-6.45	-0.53	-5.57	-8.51	1.65	-6.60	-7.41	-0.00	-5.32	-1.78	1.22	-6.30	3.09
UU	-10.64	-8.23	-10.79	-4.66	-7.04	-7.40	-1.75	-3.41	-11.17	-3.44	-11.90	-3.23	-2.10	-5.91	-5.13	-1.04


BASE FREQUENCIES
2.77390e-01 2.00943e-01 2.73527e-01 2.48139e-01 

BASE PAIR FREQUENCIES
2.55809e-03 1.79784e-03 2.82233e-03 1.52298e-01 
2.60744e-03 1.01041e-03 2.31548e-01 2.94652e-03 
3.74620e-03 2.59161e-01 2.31722e-03 7.23031e-02 
1.83859e-01 1.18274e-03 7.43880e-02 5.45374e-03 


BASE MATCH FREQUENCIES
2.63058e-01 2.33816e-02 3.97822e-02 3.71414e-02 2.33816e-02 9.07805e-02 1.44833e-02 2.96516e-02 3.97822e-02 1.44833e-02 1.53687e-01 2.79614e-02 3.71414e-02 2.96516e-02 2.79614e-02 1.47672e-01 

BASE PAIR MATCH FREQUENCIES
7.76150e-04 4.62743e-06 9.79523e-06 1.05671e-04 9.20142e-06 6.95093e-07 8.96899e-05 2.48466e-06 2.25402e-04 5.26629e-04 6.21741e-06 3.24792e-05 3.70380e-04 7.72846e-07 5.94929e-05 2.96057e-06 
4.62743e-06 5.73140e-04 2.79795e-06 6.18992e-04 3.95680e-06 2.12750e-06 3.89429e-05 2.95740e-06 1.54890e-05 1.98048e-04 5.65152e-06 1.86753e-04 4.52944e-05 4.62497e-06 1.57091e-05 1.14690e-05 
9.79523e-06 2.79795e-06 1.22269e-03 5.62075e-05 1.69089e-06 2.09195e-07 2.70044e-04 3.14458e-04 2.66889e-05 6.66831e-05 1.26596e-04 1.31106e-04 1.33879e-04 5.72030e-06 5.88765e-05 2.63741e-06 
1.05671e-04 6.18992e-04 5.62075e-05 8.07675e-02 1.08601e-04 2.01762e-05 1.35478e-02 1.27777e-04 7.72996e-05 3.05311e-02 8.26498e-05 8.17998e-03 1.36300e-02 3.58480e-05 3.24192e-03 1.67621e-04 
9.20142e-06 3.95680e-06 1.69089e-06 1.08601e-04 4.64559e-04 1.41100e-06 4.67649e-04 6.56249e-06 3.60496e-04 4.01670e-04 2.05615e-06 5.25213e-05 7.27845e-04 4.72134e-06 7.98152e-05 2.59986e-05 
6.95093e-07 2.12750e-06 2.09195e-07 2.01762e-05 1.41100e-06 3.03899e-04 5.59558e-05 2.09313e-04 6.53967e-07 1.19917e-04 2.56966e-07 3.44825e-05 1.16068e-04 4.97025e-06 7.53317e-06 1.46854e-05 
8.96899e-05 3.89429e-05 2.70044e-04 1.35478e-02 4.67649e-04 5.59558e-05 1.52920e-01 1.91858e-04 2.06532e-04 1.40534e-02 1.24847e-04 2.67264e-03 3.39722e-02 3.96687e-05 1.17352e-02 1.00657e-03 
2.48466e-06 2.95740e-06 3.14458e-04 1.27777e-04 6.56249e-06 2.09313e-04 1.91858e-04 1.38094e-03 1.82174e-05 1.90983e-04 1.72149e-06 9.24811e-05 3.59634e-04 7.01673e-05 3.48378e-05 2.89229e-04 
2.25402e-04 1.54890e-05 2.66889e-05 7.72996e-05 3.60496e-04 6.53967e-07 2.06532e-04 1.82174e-05 1.60249e-03 3.10481e-04 1.03595e-04 4.30211e-05 1.79282e-04 1.83222e-05 3.03655e-05 2.02432e-06 
5.26629e-04 1.98048e-04 6.66831e-05 3.05311e-02 4.01670e-04 1.19917e-04 1.40534e-02 1.90983e-04 3.10481e-04 1.92993e-01 1.81582e-04 1.12860e-02 1.30416e-02 9.08733e-05 3.72555e-03 3.12658e-04 
6.21741e-06 5.65152e-06 1.26596e-04 8.26498e-05 2.05615e-06 2.56966e-07 1.24847e-04 1.72149e-06 1.03595e-04 1.81582e-04 8.65468e-04 1.06405e-04 4.87414e-05 4.77818e-07 1.27259e-04 1.20885e-06 
3.24792e-05 1.86753e-04 1.31106e-04 8.17998e-03 5.25213e-05 3.44825e-05 2.67264e-03 9.24811e-05 4.30211e-05 1.12860e-02 1.06405e-04 4.28401e-02 3.59211e-03 6.18285e-05 1.33718e-03 4.45939e-04 
3.70380e-04 4.52944e-05 1.33879e-04 1.36300e-02 7.27845e-04 1.16068e-04 3.39722e-02 3.59634e-04 1.79282e-04 1.30416e-02 4.87414e-05 3.59211e-03 1.04485e-01 4.13755e-04 1.09012e-02 9.90619e-04 
7.72846e-07 4.62497e-06 5.72030e-06 3.58480e-05 4.72134e-06 4.97025e-06 3.96687e-05 7.01673e-05 1.83222e-05 9.08733e-05 4.77818e-07 6.18285e-05 4.13755e-04 1.03230e-04 4.28633e-05 5.10859e-05 
5.94929e-05 1.57091e-05 5.88765e-05 3.24192e-03 7.98152e-05 7.53317e-06 1.17352e-02 3.48378e-05 3.03655e-05 3.72555e-03 1.27259e-04 1.33718e-03 1.09012e-02 4.28633e-05 3.91253e-02 1.19187e-04 
2.96057e-06 1.14690e-05 2.63741e-06 1.67621e-04 2.59986e-05 1.46854e-05 1.00657e-03 2.89229e-04 2.02432e-06 3.12658e-04 1.20885e-06 4.45939e-04 9.90619e-04 5.10859e-05 1.19187e-04 1.84730e-03 

