RIBOSUM

	A	C	G	U
A	2.28
C	-2.79	1.50
G	-2.41	-3.11	1.31
U	-2.47	-1.37	-2.66	1.80


	AA	AC	AG	AU	CA	CC	CG	CU	GA	GC	GG	GU	UA	UC	UG	UU
AA	-0.45
AC	-8.14	-0.64
AG	-7.71	-9.12	-1.56
AU	-5.19	-4.67	-6.26	4.99
CA	-9.60	-10.75	-10.67	-7.25	-0.97
CC	-13.18	-7.39	-12.43	-7.68	-9.60	-0.86
CG	-5.78	-6.26	-5.00	0.34	-3.18	-5.03	5.79
CU	-10.58	-11.41	-10.10	-5.97	-9.13	-7.17	-4.91	0.27
GA	-8.58	-7.80	-8.12	-7.89	-8.50	-13.38	-6.18	-9.73	-0.75
GC	-4.98	-3.82	-6.97	1.57	-5.97	-4.37	1.05	-7.42	-4.84	5.93
GG	-10.39	-11.39	-4.90	-8.01	-11.56	-14.02	-5.07	-13.57	-7.52	-5.17	-1.98
GU	-6.89	-5.80	-7.95	-0.07	-8.41	-8.44	-1.50	-6.67	-6.51	0.65	-6.17	3.67
UA	-5.01	-6.77	-7.43	-0.25	-4.24	-7.39	1.76	-5.80	-6.00	0.03	-7.49	-2.56	5.15
UC	-11.08	-8.82	-10.76	-6.51	-10.46	-8.14	-6.19	-5.83	-9.38	-4.71	-10.99	-4.68	-4.39	-2.47
UG	-7.00	-7.97	-6.27	-2.32	-6.28	-8.99	0.83	-8.60	-8.66	-1.35	-6.25	-3.09	-0.05	-7.47	3.57
UU	-9.59	-7.91	-10.11	-3.53	-7.54	-6.94	-4.13	-6.20	-13.21	-4.13	-11.82	-4.79	-4.18	-4.12	-5.22	0.01


BASE FREQUENCIES
2.54980e-01 2.17405e-01 2.84821e-01 2.42794e-01 

BASE PAIR FREQUENCIES
3.96797e-03 2.60878e-03 2.43578e-03 1.45728e-01 
2.43079e-03 1.62572e-03 2.49399e-01 3.67928e-03 
3.59994e-03 2.65903e-01 2.49057e-03 7.57007e-02 
1.60133e-01 1.30701e-03 7.40400e-02 4.95025e-03 


BASE MATCH FREQUENCIES
3.15693e-01 8.02634e-03 1.36403e-02 1.11913e-02 8.02634e-03 1.34087e-01 7.16748e-03 2.04360e-02 1.36403e-02 7.16748e-03 2.01546e-01 1.09323e-02 1.11913e-02 2.04360e-02 1.09323e-02 2.05887e-01 

BASE PAIR MATCH FREQUENCIES
3.09074e-03 1.28088e-05 2.24903e-05 1.10463e-04 4.63050e-06 3.30417e-07 7.33611e-05 2.23843e-06 1.23555e-05 1.27576e-04 3.92423e-06 3.79813e-05 1.24995e-04 1.58904e-06 3.50367e-05 4.98171e-06 
1.28088e-05 1.97851e-03 7.22421e-06 1.34724e-04 1.78884e-06 1.55930e-05 4.49181e-05 1.07635e-06 1.80182e-05 2.42472e-04 1.67261e-06 6.87544e-05 3.14289e-05 6.46196e-06 1.52479e-05 1.35633e-05 
2.24903e-05 7.22421e-06 1.78929e-03 5.86501e-05 2.47696e-06 6.20165e-07 1.40465e-04 3.49502e-06 1.89893e-05 3.59193e-05 1.98005e-04 2.03530e-05 2.61455e-05 2.21728e-06 6.49506e-05 3.87355e-06 
1.10463e-04 1.34724e-04 5.86501e-05 1.21478e-01 2.25146e-05 1.42859e-05 4.86718e-03 5.20931e-05 1.89753e-05 1.13888e-02 1.95130e-05 4.06865e-03 3.23153e-03 3.57365e-05 8.57014e-04 3.16974e-04 
4.63050e-06 1.78884e-06 2.47696e-06 2.25146e-05 1.57264e-03 3.37721e-06 3.78916e-04 5.21062e-06 1.11371e-05 5.47834e-05 1.48960e-06 1.12552e-05 1.81184e-04 2.08155e-06 4.92927e-05 1.75893e-05 
3.30417e-07 1.55930e-05 6.20165e-07 1.42859e-05 3.37721e-06 1.23368e-03 8.93107e-05 1.73795e-05 3.21198e-07 1.41906e-04 2.30207e-07 9.42914e-06 1.74831e-05 8.86279e-06 6.44882e-06 2.27418e-05 
7.33611e-05 4.49181e-05 1.40465e-04 4.86718e-03 3.78916e-04 8.93107e-05 2.12679e-01 1.08818e-04 6.19152e-05 7.92149e-03 1.49799e-04 1.51477e-03 1.29688e-02 4.48479e-05 7.60006e-03 2.08476e-04 
2.23843e-06 1.07635e-06 3.49502e-06 5.20931e-05 5.21062e-06 1.73795e-05 1.08818e-04 3.36838e-03 4.50036e-06 1.90606e-05 3.51841e-07 3.59154e-05 5.87165e-05 4.89750e-05 9.39449e-06 4.23632e-05 
1.23555e-05 1.80182e-05 1.89893e-05 1.89753e-05 1.11371e-05 3.21198e-07 6.19152e-05 4.50036e-06 3.14045e-03 1.56708e-04 3.21473e-05 5.49902e-05 7.02164e-05 5.76476e-06 1.24315e-05 4.50415e-07 
1.27576e-04 2.42472e-04 3.59193e-05 1.13888e-02 5.47834e-05 1.41906e-04 7.92149e-03 1.90606e-05 1.56708e-04 2.34324e-01 1.39441e-04 6.72797e-03 3.90673e-03 1.24721e-04 1.68443e-03 2.09100e-04 
3.92423e-06 1.67261e-06 1.98005e-04 1.95130e-05 1.48960e-06 2.30207e-07 1.49799e-04 3.51841e-07 3.21473e-05 1.39441e-04 1.66319e-03 7.77922e-05 2.78889e-05 2.09943e-06 7.36994e-05 1.31826e-06 
3.79813e-05 6.87544e-05 2.03530e-05 4.06865e-03 1.12552e-05 9.42914e-06 1.51477e-03 3.59154e-05 5.49902e-05 6.72797e-03 7.77922e-05 6.07041e-02 7.26024e-04 1.42552e-04 5.61053e-04 1.46965e-04 
1.24995e-04 3.14289e-05 2.61455e-05 3.23153e-03 1.81184e-04 1.74831e-05 1.29688e-02 5.87165e-05 7.02164e-05 3.90673e-03 2.78889e-05 7.26024e-04 1.35723e-01 1.55533e-04 4.13797e-03 2.01794e-04 
1.58904e-06 6.46196e-06 2.21728e-06 3.57365e-05 2.08155e-06 8.86279e-06 4.48479e-05 4.89750e-05 5.76476e-06 1.24721e-04 2.09943e-06 1.42552e-04 1.55533e-04 5.02389e-04 2.05303e-05 1.79043e-04 
3.50367e-05 1.52479e-05 6.49506e-05 8.57014e-04 4.92927e-05 6.44882e-06 7.60006e-03 9.39449e-06 1.24315e-05 1.68443e-03 7.36994e-05 5.61053e-04 4.13797e-03 2.05303e-05 5.69321e-02 1.09270e-04 
4.98171e-06 1.35633e-05 3.87355e-06 3.16974e-04 1.75893e-05 2.27418e-05 2.08476e-04 4.23632e-05 4.50415e-07 2.09100e-04 1.31826e-06 1.46965e-04 2.01794e-04 1.79043e-04 1.09270e-04 3.49164e-03 

