RIBOSUM

	A	C	G	U
A	1.99
C	-1.22	0.98
G	-0.95	-1.52	0.90
U	-1.07	-0.67	-1.19	1.35


	AA	AC	AG	AU	CA	CC	CG	CU	GA	GC	GG	GU	UA	UC	UG	UU
AA	-2.54
AC	-9.61	-1.81
AG	-9.36	-10.13	-2.32
AU	-5.32	-1.82	-6.40	4.25
CA	-10.35	-11.61	-10.98	-5.96	-3.10
CC	-13.63	-9.41	-13.64	-2.28	-11.10	-3.10
CG	-3.79	-5.66	-4.76	2.01	-3.48	-4.95	5.28
CU	-12.13	-10.27	-8.62	-4.46	-8.55	-6.86	-4.20	-1.46
GA	-9.15	-9.08	-8.39	-4.69	-9.02	-12.23	-4.34	-6.93	-1.54
GC	-5.56	-3.96	-6.02	2.85	-5.71	-3.88	2.77	-2.11	-2.35	5.53
GG	-9.46	-8.99	-4.08	-6.15	-11.95	-13.15	-4.77	-10.18	-6.87	-4.34	-2.21
GU	-7.02	-4.96	-7.02	0.61	-7.05	-7.72	0.28	-4.37	-6.19	1.38	-5.70	3.27
UA	-2.32	-5.96	-2.75	1.83	-3.40	-6.60	2.96	-4.27	-4.74	1.77	-6.63	0.02	4.70
UC	-12.00	-9.09	-8.49	-4.91	-9.04	-8.96	-5.07	-4.75	-6.94	-4.01	-11.56	-4.71	-3.51	-4.27
UG	-3.39	-7.32	-6.35	-0.79	-6.56	-8.22	1.12	-6.87	-7.46	0.15	-4.50	-1.28	0.84	-4.51	3.16
UU	-10.39	-8.20	-10.72	-3.61	-8.79	-7.55	-3.17	-5.38	-11.47	-3.30	-10.54	-2.76	-1.63	-5.84	-4.43	-0.88


BASE FREQUENCIES
2.53762e-01 2.21712e-01 2.95820e-01 2.28706e-01 

BASE PAIR FREQUENCIES
2.50010e-03 2.15429e-03 2.55908e-03 1.34085e-01 
1.87314e-03 1.14503e-03 2.57835e-01 2.74704e-03 
4.15337e-03 2.79213e-01 3.06793e-03 7.37341e-02 
1.56469e-01 1.29412e-03 7.31284e-02 4.04211e-03 


BASE MATCH FREQUENCIES
2.56343e-01 2.42077e-02 3.87983e-02 2.77050e-02 2.42077e-02 9.72434e-02 2.28633e-02 3.19471e-02 3.87983e-02 2.28633e-02 1.63124e-01 2.95731e-02 2.77050e-02 3.19471e-02 2.95731e-02 1.33100e-01 

BASE PAIR MATCH FREQUENCIES
7.13173e-04 4.62575e-06 7.37224e-06 9.33281e-05 2.77868e-06 2.50521e-07 3.04444e-04 7.27657e-07 8.47993e-06 8.97147e-05 7.99220e-06 3.36464e-05 7.47791e-04 7.95091e-07 4.15355e-04 2.51236e-06 
4.62575e-06 9.00757e-04 3.77733e-06 9.27337e-04 1.01399e-06 4.07665e-06 7.31159e-05 2.31208e-06 7.81434e-06 2.37797e-04 9.71409e-06 1.22464e-04 5.23755e-05 5.23137e-06 2.37680e-05 1.00038e-05 
7.37224e-06 3.77733e-06 1.12889e-03 5.17252e-05 2.08910e-06 2.88817e-07 1.82250e-04 9.64336e-06 1.67802e-05 7.57593e-05 3.89042e-04 3.92484e-05 6.45534e-04 1.05893e-05 6.20788e-05 2.32859e-06 
9.33281e-05 9.27337e-04 5.17252e-05 6.39615e-02 5.22953e-05 5.87934e-04 1.53430e-02 1.33630e-04 1.68410e-04 2.74380e-02 7.17069e-05 5.97240e-03 1.20158e-02 9.81449e-05 2.26657e-03 2.48570e-04 
2.77868e-06 1.01399e-06 2.08910e-06 5.22953e-05 3.69121e-04 1.25632e-06 3.29818e-04 7.62234e-06 8.11065e-06 7.06083e-05 1.24730e-06 2.86867e-05 3.09165e-04 5.41271e-06 4.04030e-05 6.62839e-06 
2.50521e-07 4.07665e-06 2.88817e-07 5.87934e-04 1.25632e-06 2.81486e-04 1.04034e-04 2.15205e-05 7.67091e-07 2.18329e-04 4.71886e-07 1.58037e-05 2.94131e-05 5.00085e-06 1.11501e-05 1.36799e-05 
3.04444e-04 7.31159e-05 1.82250e-04 1.53430e-02 3.29818e-04 1.04034e-04 1.66573e-01 1.80987e-04 2.42676e-04 2.93679e-02 2.11002e-04 5.37642e-03 2.96222e-02 9.91919e-05 9.63831e-03 3.80209e-04 
7.27657e-07 2.31208e-06 9.64336e-06 1.33630e-04 7.62234e-06 2.15205e-05 1.80987e-04 9.34223e-04 3.12185e-05 7.70868e-04 3.82562e-06 1.65768e-04 1.52190e-04 9.57133e-05 2.93215e-05 6.38292e-05 
8.47993e-06 7.81434e-06 1.67802e-05 1.68410e-04 8.11065e-06 7.67091e-07 2.42676e-04 3.12185e-05 1.94027e-03 9.68301e-04 5.60020e-05 6.95581e-05 1.63284e-04 3.09053e-05 2.87671e-05 1.38319e-06 
8.97147e-05 2.37797e-04 7.57593e-05 2.74380e-02 7.06083e-05 2.18329e-04 2.93679e-02 7.70868e-04 9.68301e-04 1.99211e-01 2.82470e-04 1.15167e-02 1.29733e-02 2.05938e-04 4.92260e-03 3.49147e-04 
7.99220e-06 9.71409e-06 3.89042e-04 7.17069e-05 1.24730e-06 4.71886e-07 2.11002e-04 3.82562e-06 5.60020e-05 2.82470e-04 1.65442e-03 1.13900e-04 5.12873e-05 1.47365e-06 2.62529e-04 3.06663e-06 
3.36464e-05 1.22464e-04 3.92484e-05 5.97240e-03 2.86867e-05 1.58037e-05 5.37642e-03 1.65768e-04 6.95581e-05 1.15167e-02 1.13900e-04 4.42485e-02 3.98109e-03 1.31080e-04 1.88430e-03 5.23590e-04 
7.47791e-04 5.23755e-05 6.45534e-04 1.20158e-02 3.09165e-04 2.94131e-05 2.96222e-02 1.52190e-04 1.63284e-04 1.29733e-02 5.12873e-05 3.98109e-03 8.78390e-02 2.58989e-04 7.02219e-03 9.81944e-04 
7.95091e-07 5.23137e-06 1.05893e-05 9.81449e-05 5.41271e-06 5.00085e-06 9.91919e-05 9.57133e-05 3.09053e-05 2.05938e-04 1.47365e-06 1.31080e-04 2.58989e-04 1.33414e-04 1.50814e-04 4.64271e-05 
4.15355e-04 2.37680e-05 6.20788e-05 2.26657e-03 4.04030e-05 1.11501e-05 9.63831e-03 2.93215e-05 2.87671e-05 4.92260e-03 2.62529e-04 1.88430e-03 7.02219e-03 1.50814e-04 4.08392e-02 1.64353e-04 
2.51236e-06 1.00038e-05 2.32859e-06 2.48570e-04 6.62839e-06 1.36799e-05 3.80209e-04 6.38292e-05 1.38319e-06 3.49147e-04 3.06663e-06 5.23590e-04 9.81944e-04 4.64271e-05 1.64353e-04 1.49042e-03 

