RIBOSUM

	A	C	G	U
A	2.45
C	-4.28	1.64
G	-3.86	-4.91	1.38
U	-3.68	-2.47	-4.24	2.03


	AA	AC	AG	AU	CA	CC	CG	CU	GA	GC	GG	GU	UA	UC	UG	UU
AA	-0.16
AC	-7.72	-0.71
AG	-7.19	-9.75	-1.29
AU	-5.53	-5.60	-7.87	5.23
CA	-9.08	-11.34	-10.64	-9.30	-1.10
CC	-13.70	-8.50	-14.21	-8.82	-10.74	-1.03
CG	-7.21	-8.28	-5.45	-1.29	-4.05	-5.47	5.85
CU	-13.70	-13.87	-13.02	-6.78	-10.40	-8.78	-5.38	0.20
GA	-9.97	-12.59	-9.26	-9.03	-9.84	-16.71	-9.57	-15.82	-0.69
GC	-5.73	-3.97	-8.98	0.38	-8.56	-5.22	-1.00	-8.16	-6.39	5.94
GG	-9.76	-11.15	-6.93	-8.62	-12.64	-14.45	-5.89	-14.63	-8.56	-4.87	-1.91
GU	-7.84	-6.69	-8.76	-1.24	-9.77	-9.65	-2.79	-6.49	-7.31	-0.02	-6.52	3.84
UA	-6.81	-8.50	-9.36	-1.71	-4.22	-9.00	0.41	-8.17	-7.36	-1.94	-8.68	-3.87	5.35
UC	-11.48	-9.28	-11.55	-9.11	-12.83	-8.80	-7.68	-7.95	-15.08	-4.71	-12.89	-6.48	-5.66	-1.75
UG	-8.37	-9.45	-7.18	-3.64	-6.56	-10.23	0.07	-9.40	-9.64	-3.11	-6.49	-4.28	-1.21	-7.90	3.80
UU	-11.14	-10.29	-11.77	-4.47	-10.70	-10.11	-5.31	-9.28	-15.58	-6.17	-12.81	-5.50	-4.65	-5.27	-6.35	0.28


BASE FREQUENCIES
2.49002e-01 2.22964e-01 2.91814e-01 2.36220e-01 

BASE PAIR FREQUENCIES
3.84400e-03 2.27497e-03 2.48257e-03 1.39755e-01 
1.94269e-03 1.44855e-03 2.59080e-01 3.36404e-03 
3.43522e-03 2.72600e-01 2.42644e-03 7.55656e-02 
1.50845e-01 1.21413e-03 7.52935e-02 4.42883e-03 


BASE MATCH FREQUENCIES
3.39726e-01 2.85036e-03 5.00396e-03 4.58568e-03 2.85036e-03 1.55447e-01 2.16391e-03 9.52888e-03 5.00396e-03 2.16391e-03 2.21863e-01 3.65690e-03 4.58568e-03 9.52888e-03 3.65690e-03 2.27385e-01 

BASE PAIR MATCH FREQUENCIES
3.44634e-03 1.63087e-05 3.08801e-05 7.91803e-05 6.35452e-06 2.31558e-07 2.71597e-05 2.45592e-07 4.47820e-06 7.59105e-05 6.11034e-06 1.86440e-05 3.24561e-05 1.14235e-06 1.29532e-05 1.53250e-06 
1.63087e-05 1.88070e-03 4.68309e-06 6.73582e-05 1.18586e-06 7.62459e-06 1.16509e-05 1.95070e-07 6.52574e-07 2.30239e-04 2.07561e-06 3.70690e-05 8.99990e-06 4.71256e-06 5.46618e-06 2.47838e-06 
3.08801e-05 4.68309e-06 2.15615e-03 1.82314e-05 2.52750e-06 1.90860e-07 1.08455e-04 4.61713e-07 8.59012e-06 9.35777e-06 5.07422e-05 1.15555e-05 6.49206e-06 1.27568e-06 3.44615e-05 1.16341e-06 
7.91803e-05 6.73582e-05 1.82314e-05 1.29722e-01 5.17708e-06 6.48644e-06 1.56949e-03 2.81336e-05 8.15787e-06 4.98395e-03 1.27708e-05 1.71685e-03 1.05871e-03 5.62476e-06 3.25762e-04 1.48544e-04 
6.35452e-06 1.18586e-06 2.52750e-06 5.17708e-06 1.43817e-03 1.61810e-06 2.17442e-04 2.15700e-06 4.40242e-06 9.59354e-06 7.40987e-07 4.39540e-06 1.75022e-04 4.01368e-07 4.06841e-05 1.85668e-06 
2.31558e-07 7.62459e-06 1.90860e-07 6.48644e-06 1.61810e-06 1.20983e-03 7.27711e-05 5.94895e-06 3.36812e-08 8.69214e-05 1.89457e-07 4.26348e-06 5.71177e-06 5.88158e-06 2.86290e-06 2.51627e-06 
2.71597e-05 1.16509e-05 1.08455e-04 1.56949e-03 2.17442e-04 7.27711e-05 2.44168e-01 8.24194e-05 6.23103e-06 2.11888e-03 9.32282e-05 6.47131e-04 5.07076e-03 1.67241e-05 4.69886e-03 9.15470e-05 
2.45592e-07 1.95070e-07 4.61713e-07 2.81336e-05 2.15700e-06 5.94895e-06 8.24194e-05 3.18745e-03 6.59591e-08 1.20172e-05 1.76826e-07 4.04624e-05 1.07205e-05 1.12341e-05 5.36654e-06 4.72800e-06 
4.47820e-06 6.52574e-07 8.59012e-06 8.15787e-06 4.40242e-06 3.36812e-08 6.23103e-06 6.59591e-08 3.27743e-03 5.62098e-05 1.64505e-05 3.14765e-05 2.60608e-05 1.10867e-07 6.26330e-06 8.27997e-08 
7.59105e-05 2.30239e-04 9.35777e-06 4.98395e-03 9.59354e-06 8.69214e-05 2.11888e-03 1.20172e-05 5.62098e-05 2.59782e-01 1.88936e-04 4.43217e-03 9.95064e-04 1.30968e-04 5.19529e-04 5.02622e-05 
6.11034e-06 2.07561e-06 5.07422e-05 1.27708e-05 7.40987e-07 1.89457e-07 9.32282e-05 1.76826e-07 1.64505e-05 1.88936e-04 1.92357e-03 6.41515e-05 1.21800e-05 5.92228e-07 6.54581e-05 6.60994e-07 
1.86440e-05 3.70690e-05 1.15555e-05 1.71685e-03 4.39540e-06 4.26348e-06 6.47131e-04 4.04624e-05 3.14765e-05 4.43217e-03 6.41515e-05 6.82543e-02 2.77160e-04 4.06392e-05 2.44519e-04 8.49146e-05 
3.24561e-05 8.99990e-06 6.49206e-06 1.05871e-03 1.75022e-04 5.71177e-06 5.07076e-03 1.07205e-05 2.60608e-05 9.95064e-04 1.21800e-05 2.77160e-04 1.41174e-01 6.14402e-05 1.75453e-03 1.30962e-04 
1.14235e-06 4.71256e-06 1.27568e-06 5.62476e-06 4.01368e-07 5.88158e-06 1.67241e-05 1.12341e-05 1.10867e-07 1.30968e-04 5.92228e-07 4.06392e-05 6.14402e-05 8.22880e-04 1.51860e-05 7.60466e-05 
1.29532e-05 5.46618e-06 3.44615e-05 3.25762e-04 4.06841e-05 2.86290e-06 4.69886e-03 5.36654e-06 6.26330e-06 5.19529e-04 6.54581e-05 2.44519e-04 1.75453e-03 1.51860e-05 6.63530e-02 4.70569e-05 
1.53250e-06 2.47838e-06 1.16341e-06 1.48544e-04 1.85668e-06 2.51627e-06 9.15470e-05 4.72800e-06 8.27997e-08 5.02622e-05 6.60994e-07 8.49146e-05 1.30962e-04 7.60466e-05 4.70569e-05 3.79180e-03 

