RIBOSUM

	A	C	G	U
A	2.31
C	-4.32	1.77
G	-3.93	-4.84	1.48
U	-3.53	-2.50	-4.32	1.92


	AA	AC	AG	AU	CA	CC	CG	CU	GA	GC	GG	GU	UA	UC	UG	UU
AA	-0.25
AC	-7.84	-0.69
AG	-7.10	-9.70	-1.15
AU	-5.29	-5.22	-7.81	5.11
CA	-9.23	-11.26	-10.56	-9.41	-0.88
CC	-13.61	-8.24	-13.98	-9.13	-10.50	-0.60
CG	-7.17	-8.21	-5.30	-1.65	-3.94	-5.40	6.09
CU	-14.03	-13.82	-13.08	-5.97	-10.33	-8.63	-5.27	0.29
GA	-8.88	-12.74	-9.83	-9.23	-10.11	-16.76	-9.49	-15.80	-0.87
GC	-5.67	-3.65	-8.92	0.12	-8.44	-5.01	-0.99	-8.02	-6.17	6.20
GG	-9.65	-10.97	-6.73	-8.89	-9.47	-14.18	-5.62	-14.39	-8.75	-4.50	-2.08
GU	-8.06	-6.70	-8.75	-1.42	-9.73	-9.45	-3.04	-6.53	-7.13	0.07	-6.38	3.84
UA	-5.61	-8.90	-9.60	-2.24	-4.45	-9.16	0.15	-8.42	-7.46	-2.27	-8.76	-4.42	5.18
UC	-11.56	-9.19	-11.45	-9.34	-12.92	-8.55	-7.56	-8.33	-15.22	-4.51	-12.63	-6.40	-5.73	-1.37
UG	-8.48	-9.56	-7.04	-4.29	-6.54	-10.17	0.08	-9.59	-9.67	-3.28	-6.30	-4.66	-1.57	-8.09	3.77
UU	-11.39	-9.32	-11.90	-4.68	-10.84	-10.03	-5.39	-7.65	-15.72	-6.16	-12.92	-5.69	-4.81	-5.37	-6.70	0.08


BASE FREQUENCIES
2.64185e-01 2.10630e-01 2.74002e-01 2.51183e-01 

BASE PAIR FREQUENCIES
4.70015e-03 2.38620e-03 2.67117e-03 1.60736e-01 
2.18562e-03 1.51649e-03 2.39513e-01 3.62797e-03 
3.01944e-03 2.55094e-01 1.83396e-03 7.47294e-02 
1.69088e-01 1.49761e-03 7.24804e-02 4.92132e-03 


BASE MATCH FREQUENCIES
3.45225e-01 2.79060e-03 4.75614e-03 5.72909e-03 2.79060e-03 1.51009e-01 2.01767e-03 9.35590e-03 4.75614e-03 2.01767e-03 2.09600e-01 3.44939e-03 5.72909e-03 9.35590e-03 3.44939e-03 2.37968e-01 

BASE PAIR MATCH FREQUENCIES
4.10954e-03 1.69186e-05 3.69508e-05 1.18618e-04 6.47855e-06 2.47892e-07 2.79492e-05 2.21416e-07 1.07561e-05 7.92977e-05 6.53399e-06 1.80522e-05 9.49508e-05 1.22527e-06 1.34773e-05 1.63592e-06 
1.69186e-05 1.92392e-03 4.82994e-06 9.87950e-05 1.26002e-06 8.14607e-06 1.08566e-05 2.03218e-07 5.88127e-07 2.55769e-04 2.07677e-06 3.68455e-05 7.70455e-06 5.03517e-06 5.06863e-06 5.49091e-06 
3.69508e-05 4.82994e-06 2.35376e-03 2.14233e-05 2.66290e-06 1.99292e-07 1.06385e-04 4.41857e-07 5.76126e-06 8.63077e-06 5.13127e-05 1.15559e-05 6.19691e-06 1.36929e-06 3.78451e-05 1.19127e-06 
1.18618e-04 9.87950e-05 2.14233e-05 1.51568e-01 5.42984e-06 5.24312e-06 1.21654e-03 5.60163e-05 7.98529e-06 4.15165e-03 1.05364e-05 1.70627e-03 9.34673e-04 5.42239e-06 2.33179e-04 1.63456e-04 
6.47855e-06 1.26002e-06 2.66290e-06 5.42984e-06 1.68446e-03 1.70029e-06 2.09336e-04 2.28544e-06 3.64472e-06 9.25856e-06 5.87430e-06 4.52106e-06 1.68449e-04 3.79953e-07 4.12972e-05 1.92019e-06 
2.47892e-07 8.14607e-06 1.99292e-07 5.24312e-06 1.70029e-06 1.29918e-03 6.08150e-05 5.91512e-06 2.90022e-08 7.93775e-05 1.79104e-07 4.35866e-06 5.13701e-06 6.26803e-06 2.64835e-06 2.66890e-06 
2.79492e-05 1.08566e-05 1.06385e-04 1.21654e-03 2.09336e-04 6.08150e-05 2.27450e-01 7.90237e-05 5.80344e-06 1.67126e-03 8.79340e-05 4.82401e-04 4.23971e-03 1.61568e-05 4.18561e-03 8.66785e-05 
2.21416e-07 2.03218e-07 4.41857e-07 5.60163e-05 2.28544e-06 5.91512e-06 7.90237e-05 3.43119e-03 6.73400e-08 1.17561e-05 1.85400e-07 3.93240e-05 1.02220e-05 8.71275e-06 4.73791e-06 1.66683e-05 
1.07561e-05 5.88127e-07 5.76126e-06 7.98529e-06 3.64472e-06 2.90022e-08 5.80344e-06 6.73400e-08 2.86223e-03 5.80764e-05 1.26113e-05 3.54742e-05 2.71929e-05 1.00587e-07 6.12978e-06 8.48536e-08 
7.92977e-05 2.55769e-04 8.63077e-06 4.15165e-03 9.25856e-06 7.93775e-05 1.67126e-03 1.17561e-05 5.80764e-05 2.44550e-01 1.91487e-04 4.17385e-03 7.93114e-04 1.33916e-04 4.09197e-04 5.10651e-05 
6.53399e-06 2.07677e-06 5.13127e-05 1.05364e-05 5.87430e-06 1.79104e-07 8.79340e-05 1.85400e-07 1.26113e-05 1.91487e-04 1.32861e-03 6.19811e-05 1.14721e-05 6.28650e-07 6.54502e-05 6.09236e-07 
1.80522e-05 3.68455e-05 1.15559e-05 1.70627e-03 4.52106e-06 4.35866e-06 4.82401e-04 3.93240e-05 3.54742e-05 4.17385e-03 6.19811e-05 6.80063e-02 2.13443e-04 4.30257e-05 1.87794e-04 8.40005e-05 
9.49508e-05 7.70455e-06 6.19691e-06 9.34673e-04 1.68449e-04 5.13701e-06 4.23971e-03 1.02220e-05 2.71929e-05 7.93114e-04 1.14721e-05 2.13443e-04 1.60096e-01 6.62524e-05 1.53827e-03 1.49626e-04 
1.22527e-06 5.03517e-06 1.36929e-06 5.42239e-06 3.79953e-07 6.26803e-06 1.61568e-05 8.71275e-06 1.00587e-07 1.33916e-04 6.28650e-07 4.30257e-05 6.62524e-05 1.07929e-03 1.34035e-05 8.07342e-05 
1.34773e-05 5.06863e-06 3.78451e-05 2.33179e-04 4.12972e-05 2.64835e-06 4.18561e-03 4.73791e-06 6.12978e-06 4.09197e-04 6.54502e-05 1.87794e-04 1.53827e-03 1.34035e-05 6.47789e-02 4.17893e-05 
1.63592e-06 5.49091e-06 1.19127e-06 1.63456e-04 1.92019e-06 2.66890e-06 8.66785e-05 1.66683e-05 8.48536e-08 5.10651e-05 6.09236e-07 8.40005e-05 1.49626e-04 8.07342e-05 4.17893e-05 4.19811e-03 

