RIBOSUM

	A	C	G	U
A	2.34
C	-2.85	1.45
G	-2.45	-3.28	1.27
U	-2.50	-1.42	-2.71	1.85


	AA	AC	AG	AU	CA	CC	CG	CU	GA	GC	GG	GU	UA	UC	UG	UU
AA	-0.75
AC	-8.74	-1.01
AG	-7.92	-9.71	-1.56
AU	-5.38	-4.73	-6.34	4.96
CA	-9.86	-11.35	-10.46	-7.14	-1.30
CC	-13.43	-8.73	-12.64	-7.78	-9.88	-1.22
CG	-5.96	-6.45	-5.11	0.54	-3.38	-5.06	5.73
CU	-10.72	-11.55	-9.64	-5.94	-9.17	-7.76	-5.01	0.04
GA	-8.73	-7.29	-7.96	-7.94	-8.24	-14.50	-5.89	-9.18	-0.73
GC	-5.09	-3.97	-7.02	1.72	-6.22	-4.59	1.09	-7.59	-4.80	5.87
GG	-10.68	-11.42	-5.12	-7.90	-12.51	-14.09	-5.03	-13.47	-7.45	-5.31	-1.90
GU	-6.96	-6.00	-8.10	-0.06	-8.53	-8.59	-1.36	-6.82	-6.99	0.62	-6.24	3.68
UA	-5.02	-6.85	-7.29	0.09	-4.14	-7.57	1.89	-5.85	-5.97	0.22	-7.62	-2.28	5.18
UC	-11.16	-9.01	-10.49	-6.78	-10.79	-8.86	-6.29	-5.57	-8.83	-4.86	-12.88	-4.72	-4.20	-2.59
UG	-7.05	-8.20	-6.74	-2.04	-6.40	-9.22	0.80	-8.59	-8.77	-1.20	-6.19	-2.80	0.09	-7.41	3.56
UU	-9.65	-8.04	-10.42	-3.57	-7.66	-7.09	-4.21	-6.55	-13.20	-4.26	-12.07	-4.97	-4.21	-4.20	-5.49	0.00


BASE FREQUENCIES
2.53503e-01 2.19310e-01 2.90947e-01 2.36240e-01 

BASE PAIR FREQUENCIES
3.26935e-03 2.11077e-03 2.46304e-03 1.39527e-01 
2.06734e-03 1.34654e-03 2.55707e-01 3.06276e-03 
3.80176e-03 2.72456e-01 2.69605e-03 7.55806e-02 
1.56988e-01 1.20287e-03 7.33512e-02 4.36971e-03 


BASE MATCH FREQUENCIES
3.25515e-01 7.71548e-03 1.35439e-02 1.06227e-02 7.71548e-03 1.31275e-01 6.59112e-03 1.93585e-02 1.35439e-02 6.59112e-03 2.04826e-01 1.05066e-02 1.06227e-02 1.93585e-02 1.05066e-02 2.01707e-01 

BASE PAIR MATCH FREQUENCIES
2.45587e-03 8.33655e-06 1.95445e-05 9.25469e-05 3.85634e-06 2.79891e-07 6.58155e-05 1.97582e-06 1.11558e-05 1.20142e-04 3.31390e-06 3.55119e-05 1.18875e-04 1.45359e-06 3.34219e-05 4.46754e-06 
8.33655e-06 1.53127e-03 4.89824e-06 1.25162e-04 1.18592e-06 6.28744e-06 4.06770e-05 9.61219e-07 2.62069e-05 2.26470e-04 1.72217e-06 5.96868e-05 2.88437e-05 5.59223e-06 1.30102e-05 1.17774e-05 
1.95445e-05 4.89824e-06 1.84296e-03 5.45834e-05 2.91925e-06 5.56614e-07 1.36120e-04 4.80338e-06 2.19210e-05 3.62719e-05 1.79969e-04 1.84990e-05 2.81935e-05 2.66213e-06 4.73810e-05 3.00521e-06 
9.25469e-05 1.25162e-04 5.45834e-05 1.11931e-01 2.36410e-05 1.30612e-05 5.55917e-03 5.04504e-05 1.80410e-05 1.26150e-02 2.11536e-05 3.94032e-03 3.83036e-03 2.82708e-05 9.99922e-04 2.80887e-04 
3.85634e-06 1.18592e-06 2.91925e-06 2.36410e-05 1.25508e-03 2.83404e-06 3.40767e-04 4.99943e-06 1.35750e-05 4.75989e-05 8.06043e-07 1.03030e-05 1.88722e-04 1.62958e-06 4.51934e-05 1.53454e-05 
2.79891e-07 6.28744e-06 5.56614e-07 1.30612e-05 2.83404e-06 9.93731e-04 9.22011e-05 1.14580e-05 1.52914e-07 1.27695e-04 2.33292e-07 8.56954e-06 1.51624e-05 5.35819e-06 5.53387e-06 1.97062e-05 
6.58155e-05 4.06770e-05 1.36120e-04 5.55917e-03 3.40767e-04 9.22011e-05 2.16183e-01 1.02258e-04 7.95633e-05 8.68191e-03 1.65287e-04 1.70596e-03 1.41334e-02 4.21713e-05 7.61841e-03 1.92690e-04 
1.97582e-06 9.61219e-07 4.80338e-06 5.04504e-05 4.99943e-06 1.14580e-05 1.02258e-04 2.75765e-03 6.58180e-06 1.71947e-05 3.85754e-07 3.14283e-05 5.39357e-05 5.63212e-05 9.25011e-06 3.09153e-05 
1.11558e-05 2.62069e-05 2.19210e-05 1.80410e-05 1.35750e-05 1.52914e-07 7.95633e-05 6.58180e-06 3.29046e-03 1.69267e-04 3.56941e-05 3.99719e-05 7.03870e-05 8.38466e-06 1.16147e-05 4.38083e-07 
1.20142e-04 2.26470e-04 3.62719e-05 1.26150e-02 4.75989e-05 1.27695e-04 8.68191e-03 1.71947e-05 1.69267e-04 2.38474e-01 1.36094e-04 6.75617e-03 4.46196e-03 1.13546e-04 1.90681e-03 1.85741e-04 
3.31390e-06 1.72217e-06 1.79969e-04 2.11536e-05 8.06043e-07 2.33292e-07 1.65287e-04 3.85754e-07 3.56941e-05 1.36094e-04 1.92615e-03 7.72061e-05 2.57042e-05 5.79838e-07 7.98102e-05 1.10056e-06 
3.55119e-05 5.96868e-05 1.84990e-05 3.94032e-03 1.03030e-05 8.56954e-06 1.70596e-03 3.14283e-05 3.99719e-05 6.75617e-03 7.72061e-05 6.06752e-02 8.47266e-04 1.34760e-04 6.78903e-04 1.22799e-04 
1.18875e-04 2.88437e-05 2.81935e-05 3.83036e-03 1.88722e-04 1.51624e-05 1.41334e-02 5.39357e-05 7.03870e-05 4.46196e-03 2.57042e-05 8.47266e-04 1.29898e-01 1.69346e-04 4.38118e-03 1.81215e-04 
1.45359e-06 5.59223e-06 2.66213e-06 2.82708e-05 1.62958e-06 5.35819e-06 4.21713e-05 5.63212e-05 8.38466e-06 1.13546e-04 5.79838e-07 1.34760e-04 1.69346e-04 4.46488e-04 2.09383e-05 1.56808e-04 
3.34219e-05 1.30102e-05 4.73810e-05 9.99922e-04 4.51934e-05 5.53387e-06 7.61841e-03 9.25011e-06 1.16147e-05 1.90681e-03 7.98102e-05 6.78903e-04 4.38118e-03 2.09383e-05 5.57433e-02 8.54346e-05 
4.46754e-06 1.17774e-05 3.00521e-06 2.80887e-04 1.53454e-05 1.97062e-05 1.92690e-04 3.09153e-05 4.38083e-07 1.85741e-04 1.10056e-06 1.22799e-04 1.81215e-04 1.56808e-04 8.54346e-05 3.12480e-03 

