RIBOSUM

	A	C	G	U
A	2.44
C	-3.61	1.52
G	-3.13	-4.11	1.31
U	-2.97	-1.94	-3.46	1.98


	AA	AC	AG	AU	CA	CC	CG	CU	GA	GC	GG	GU	UA	UC	UG	UU
AA	-0.73
AC	-8.52	-0.85
AG	-7.26	-9.37	-1.34
AU	-5.02	-5.22	-7.30	5.09
CA	-10.02	-11.85	-11.09	-8.40	-1.47
CC	-13.79	-8.91	-13.13	-8.21	-10.33	-1.45
CG	-6.56	-7.67	-5.74	-0.09	-4.08	-5.13	5.79
CU	-13.30	-13.40	-12.34	-5.81	-9.72	-8.05	-5.09	0.05
GA	-9.28	-7.97	-7.56	-8.57	-8.88	-14.54	-8.78	-15.38	-0.77
GC	-4.89	-4.08	-8.18	1.27	-7.18	-5.01	0.14	-7.92	-5.93	5.89
GG	-10.46	-11.80	-6.63	-8.36	-13.18	-14.05	-5.73	-14.62	-7.01	-5.47	-1.76
GU	-7.51	-6.44	-8.16	-0.62	-9.08	-9.24	-1.51	-6.68	-7.17	0.39	-6.68	3.79
UA	-5.25	-7.93	-8.26	-0.60	-4.58	-8.41	1.34	-6.93	-7.10	-0.72	-8.37	-2.86	5.28
UC	-12.03	-9.33	-11.21	-7.80	-12.46	-9.63	-6.88	-6.66	-14.95	-4.96	-13.07	-5.16	-5.32	-2.06
UG	-7.60	-9.24	-6.99	-2.61	-6.48	-9.46	0.74	-8.70	-9.66	-2.00	-6.65	-2.98	-0.41	-7.58	3.69
UU	-9.33	-8.91	-10.53	-3.87	-9.86	-7.75	-4.63	-7.67	-13.79	-5.71	-12.67	-5.23	-4.16	-5.27	-6.05	0.19


BASE FREQUENCIES
2.51988e-01 2.21392e-01 2.94267e-01 2.32353e-01 

BASE PAIR FREQUENCIES
3.06737e-03 2.14740e-03 2.56964e-03 1.36099e-01 
1.63992e-03 1.17041e-03 2.62077e-01 3.00072e-03 
3.50874e-03 2.74729e-01 2.69028e-03 7.59211e-02 
1.51369e-01 1.09528e-03 7.47207e-02 4.19435e-03 


BASE MATCH FREQUENCIES
3.44656e-01 4.56147e-03 8.44660e-03 7.48013e-03 4.56147e-03 1.40685e-01 3.77139e-03 1.33629e-02 8.44660e-03 3.77139e-03 2.14642e-01 6.20415e-03 7.48013e-03 1.33629e-02 6.20415e-03 2.12364e-01 

BASE PAIR MATCH FREQUENCIES
2.43333e-03 9.62883e-06 3.07945e-05 1.14428e-04 3.42029e-06 2.19387e-07 4.38432e-05 3.24278e-07 7.59271e-06 1.39899e-04 3.91669e-06 2.38575e-05 9.74230e-05 7.83416e-07 2.24382e-05 5.34060e-06 
9.62883e-06 1.72343e-03 6.26233e-06 8.76642e-05 8.41048e-07 5.67602e-06 1.78822e-05 2.64725e-07 1.65193e-05 2.14597e-04 1.35244e-06 4.38090e-05 1.33586e-05 4.47150e-06 6.32841e-06 6.26796e-06 
3.07945e-05 6.26233e-06 2.17387e-03 2.76032e-05 1.89188e-06 4.04963e-07 9.02976e-05 7.37694e-07 2.92073e-05 1.66373e-05 6.50200e-05 1.76839e-05 1.41737e-05 1.61332e-06 3.99035e-05 2.71602e-06 
1.14428e-04 8.76642e-05 2.76032e-05 1.16686e-01 9.69278e-06 9.68723e-06 3.59461e-03 5.35138e-05 1.14569e-05 9.20748e-03 1.54278e-05 2.60365e-03 2.26403e-03 1.35505e-05 6.53613e-04 2.16745e-04 
3.42029e-06 8.41048e-07 1.89188e-06 9.69278e-06 1.12179e-03 2.12510e-06 2.15339e-04 3.39916e-06 8.76895e-06 2.50624e-05 5.21765e-07 7.03998e-06 1.36901e-04 5.07933e-07 4.26625e-05 3.24893e-06 
2.19387e-07 5.67602e-06 4.04963e-07 9.68723e-06 2.12510e-06 8.78459e-04 9.11467e-05 9.51279e-06 1.52918e-07 9.92398e-05 2.49740e-07 5.55422e-06 8.45812e-06 3.17477e-06 4.75006e-06 1.23053e-05 
4.38432e-05 1.78822e-05 9.02976e-05 3.59461e-03 2.15339e-04 9.11467e-05 2.34101e-01 9.86508e-05 1.10101e-05 4.69294e-03 1.06110e-04 1.55866e-03 9.63052e-03 2.84139e-05 7.43992e-03 1.42116e-04 
3.24278e-07 2.64725e-07 7.37694e-07 5.35138e-05 3.39916e-06 9.51279e-06 9.86508e-05 2.74804e-03 8.95222e-08 1.38164e-05 1.77508e-07 3.42820e-05 2.46782e-05 2.60798e-05 8.43545e-06 1.36559e-05 
7.59271e-06 1.65193e-05 2.92073e-05 1.14569e-05 8.76895e-06 1.52918e-07 1.10101e-05 8.95222e-08 3.22350e-03 7.94523e-05 4.98577e-05 3.51953e-05 3.17034e-05 1.20644e-07 6.26809e-06 2.83167e-07 
1.39899e-04 2.14597e-04 1.66373e-05 9.20748e-03 2.50624e-05 9.92398e-05 4.69294e-03 1.38164e-05 7.94523e-05 2.52341e-01 1.27367e-04 5.85018e-03 2.31301e-03 1.07733e-04 1.11683e-03 6.73280e-05 
3.91669e-06 1.35244e-06 6.50200e-05 1.54278e-05 5.21765e-07 2.49740e-07 1.06110e-04 1.77508e-07 4.98577e-05 1.27367e-04 2.21262e-03 5.78298e-05 1.53636e-05 5.16386e-07 5.87881e-05 7.15409e-07 
2.38575e-05 4.38090e-05 1.76839e-05 2.60365e-03 7.03998e-06 5.55422e-06 1.55866e-03 3.42820e-05 3.51953e-05 5.85018e-03 5.78298e-05 6.46193e-02 5.53102e-04 9.80464e-05 5.92304e-04 9.86573e-05 
9.74230e-05 1.33586e-05 1.41737e-05 2.26403e-03 1.36901e-04 8.45812e-06 9.63052e-03 2.46782e-05 3.17034e-05 2.31301e-03 1.53636e-05 5.53102e-04 1.33345e-01 7.55054e-05 3.02336e-03 1.76302e-04 
7.83416e-07 4.47150e-06 1.61332e-06 1.35505e-05 5.07933e-07 3.17477e-06 2.84139e-05 2.60798e-05 1.20644e-07 1.07733e-04 5.16386e-07 9.80464e-05 7.55054e-05 6.33838e-04 1.84342e-05 7.21065e-05 
2.24382e-05 6.32841e-06 3.99035e-05 6.53613e-04 4.26625e-05 4.75006e-06 7.43992e-03 8.43545e-06 6.26809e-06 1.11683e-03 5.87881e-05 5.92304e-04 3.02336e-03 1.84342e-05 6.02748e-02 5.58969e-05 
5.34060e-06 6.26796e-06 2.71602e-06 2.16745e-04 3.24893e-06 1.23053e-05 1.42116e-04 1.36559e-05 2.83167e-07 6.73280e-05 7.15409e-07 9.86573e-05 1.76302e-04 7.21065e-05 5.58969e-05 3.31892e-03 

