RIBOSUM

	A	C	G	U
A	1.74
C	-1.03	0.97
G	-0.75	-1.38	0.89
U	-0.78	-0.52	-1.03	1.14


	AA	AC	AG	AU	CA	CC	CG	CU	GA	GC	GG	GU	UA	UC	UG	UU
AA	-2.79
AC	-6.23	-1.15
AG	-7.04	-11.09	-4.11
AU	-3.53	-2.02	-4.62	4.06
CA	-9.21	-10.76	-10.31	-4.99	-2.84
CC	-10.44	-5.71	-13.25	-3.66	-11.30	-3.55
CG	-3.61	-3.87	-2.85	2.12	-2.54	-3.68	5.33
CU	-11.43	-7.88	-6.95	-4.10	-8.60	-4.66	-3.62	-1.03
GA	-7.83	-9.95	-8.64	-4.32	-6.78	-11.09	-4.42	-9.33	-2.06
GC	-3.67	-3.21	-4.47	3.17	-4.44	-2.31	2.81	-3.31	-2.42	5.63
GG	-10.29	-10.05	-4.53	-4.50	-10.40	-12.25	-3.97	-11.48	-5.94	-3.20	-2.22
GU	-3.91	-3.09	-5.17	0.84	-6.35	-6.30	0.35	-4.02	-5.22	1.71	-5.34	3.00
UA	-3.17	-4.66	-3.78	1.84	-2.61	-4.61	3.19	-4.13	-4.01	2.17	-5.36	-0.06	4.42
UC	-9.81	-8.12	-9.54	-4.80	-10.00	-7.48	-4.41	-5.59	-7.75	-3.41	-9.10	-5.09	-3.51	-5.65
UG	-4.40	-6.06	-5.44	-0.53	-5.07	-6.68	1.42	-5.45	-6.58	0.41	-4.90	-1.39	1.05	-4.62	3.02
UU	-9.56	-6.10	-10.79	-3.02	-8.47	-6.07	-2.38	-4.54	-10.84	-2.42	-9.75	-3.20	-2.25	-5.30	-3.62	-1.44


BASE FREQUENCIES
2.66382e-01 2.10790e-01 2.83460e-01 2.39368e-01 

BASE PAIR FREQUENCIES
3.06685e-03 3.28730e-03 2.60168e-03 1.48454e-01 
2.13284e-03 1.33983e-03 2.39147e-01 2.91440e-03 
3.83829e-03 2.65279e-01 3.24274e-03 7.23744e-02 
1.72156e-01 1.31908e-03 7.42618e-02 4.58530e-03 


BASE MATCH FREQUENCIES
2.36357e-01 2.74599e-02 4.48944e-02 3.70702e-02 2.74599e-02 8.69375e-02 2.29634e-02 3.52628e-02 4.48944e-02 2.29634e-02 1.48574e-01 3.32142e-02 3.70702e-02 3.52628e-02 3.32142e-02 1.26402e-01 

BASE PAIR MATCH FREQUENCIES
7.27428e-04 5.30240e-05 4.07599e-05 3.92908e-04 6.73051e-06 2.26789e-06 3.46332e-04 1.29389e-06 2.35512e-05 3.33415e-04 4.54975e-06 3.20422e-04 5.01491e-04 3.99097e-06 2.27299e-04 5.38430e-06 
5.30240e-05 1.41646e-03 1.94726e-06 8.82550e-04 1.81293e-06 4.76208e-05 2.29970e-04 1.19916e-05 4.27350e-06 3.62587e-04 4.26519e-06 4.47930e-04 1.41617e-04 1.01792e-05 5.72250e-05 4.68517e-05 
4.07599e-05 1.94726e-06 3.29690e-04 1.96176e-04 3.33493e-06 3.44802e-07 6.24478e-04 3.08026e-05 1.42717e-05 2.03497e-04 2.61757e-04 1.42503e-04 3.50300e-04 5.10842e-06 1.18035e-04 2.44103e-06 
3.92908e-04 8.82550e-04 1.96176e-04 6.77005e-02 1.12672e-04 2.24523e-04 1.65944e-02 1.87417e-04 2.41426e-04 3.42362e-02 2.27143e-04 7.76441e-03 1.45202e-02 1.15619e-04 2.99366e-03 4.48868e-04 
6.73051e-06 1.81293e-06 3.33493e-06 1.12672e-04 4.41147e-04 9.91431e-07 5.74909e-04 7.30339e-06 3.86821e-05 1.54571e-04 3.34840e-06 4.68161e-05 5.84639e-04 2.76496e-06 1.13435e-04 9.08370e-06 
2.26789e-06 4.76208e-05 3.44802e-07 2.24523e-04 9.91431e-07 1.68654e-04 2.07543e-04 8.88043e-05 1.53976e-06 5.36020e-04 7.30895e-07 3.82637e-05 1.15779e-04 1.25301e-05 2.93240e-05 3.78671e-05 
3.46332e-04 2.29970e-04 6.24478e-04 1.65944e-02 5.74909e-04 2.07543e-04 1.43271e-01 2.44633e-04 2.11411e-04 2.50457e-02 3.06738e-04 5.16943e-03 3.46795e-02 1.42241e-04 1.08726e-02 6.56817e-04 
1.29389e-06 1.19916e-05 3.08026e-05 1.87417e-04 7.30339e-06 8.88043e-05 2.44633e-04 1.24715e-03 5.90887e-06 3.04304e-04 1.41803e-06 2.11307e-04 1.83881e-04 5.27789e-05 7.84640e-05 1.23984e-04 
2.35512e-05 4.27350e-06 1.42717e-05 2.41426e-04 3.86821e-05 1.53976e-06 2.11411e-04 5.90887e-06 1.36297e-03 8.40119e-04 9.86516e-05 1.37480e-04 2.99749e-04 1.77301e-05 5.36359e-05 2.35392e-06 
3.33415e-04 3.62587e-04 2.03497e-04 3.42362e-02 1.54571e-04 5.36020e-04 2.50457e-02 3.04304e-04 8.40119e-04 1.77108e-01 5.23855e-04 1.32422e-02 1.71294e-02 2.84593e-04 5.39462e-03 6.40060e-04 
4.54975e-06 4.26519e-06 2.61757e-04 2.27143e-04 3.34840e-06 7.30895e-07 3.06738e-04 1.41803e-06 9.86516e-05 5.23855e-04 1.38487e-03 1.34881e-04 1.24419e-04 7.40746e-06 1.82356e-04 5.33361e-06 
3.20422e-04 4.47930e-04 1.42503e-04 7.76441e-03 4.68161e-05 3.82637e-05 5.16943e-03 2.11307e-04 1.37480e-04 1.32422e-02 1.34881e-04 3.69080e-02 4.14159e-03 1.00663e-04 1.76199e-03 4.22886e-04 
5.01491e-04 1.41617e-04 3.50300e-04 1.45202e-02 5.84639e-04 1.15779e-04 3.46795e-02 1.83881e-04 2.99749e-04 1.71294e-02 1.24419e-04 4.14159e-03 8.71260e-02 2.81622e-04 8.95517e-03 7.69457e-04 
3.99097e-06 1.01792e-05 5.10842e-06 1.15619e-04 2.76496e-06 1.25301e-05 1.42241e-04 5.27789e-05 1.77301e-05 2.84593e-04 7.40746e-06 1.00663e-04 2.81622e-04 5.07932e-05 1.39578e-04 7.35972e-05 
2.27299e-04 5.72250e-05 1.18035e-04 2.99366e-03 1.13435e-04 2.93240e-05 1.08726e-02 7.84640e-05 5.36359e-05 5.39462e-03 1.82356e-04 1.76199e-03 8.95517e-03 1.39578e-04 3.73232e-02 3.15743e-04 
5.38430e-06 4.68517e-05 2.44103e-06 4.48868e-04 9.08370e-06 3.78671e-05 6.56817e-04 1.23984e-04 2.35392e-06 6.40060e-04 5.33361e-06 4.22886e-04 7.69457e-04 7.35972e-05 3.15743e-04 1.21191e-03 

