RIBOSUM

	A	C	G	U
A	2.31
C	-2.07	1.19
G	-1.70	-2.71	1.10
U	-1.65	-1.09	-2.00	1.75


	AA	AC	AG	AU	CA	CC	CG	CU	GA	GC	GG	GU	UA	UC	UG	UU
AA	-1.83
AC	-9.00	-1.95
AG	-8.75	-9.62	-1.72
AU	-5.23	-2.53	-6.37	4.61
CA	-10.14	-11.13	-11.09	-6.28	-2.44
CC	-13.76	-9.76	-13.74	-6.70	-10.77	-2.50
CG	-5.34	-6.00	-5.05	1.56	-3.64	-5.09	5.42
CU	-11.67	-10.05	-8.04	-5.59	-7.88	-6.24	-4.78	-0.80
GA	-8.60	-8.50	-7.85	-6.42	-8.54	-11.91	-3.96	-6.44	-0.92
GC	-5.29	-3.96	-5.87	2.52	-6.00	-4.24	1.95	-6.26	-4.13	5.63
GG	-9.48	-8.62	-5.63	-6.39	-11.48	-13.03	-4.61	-12.51	-6.34	-4.06	-2.00
GU	-6.70	-4.83	-6.97	0.32	-7.88	-8.13	-0.50	-5.74	-6.48	1.11	-5.91	3.53
UA	-4.64	-6.09	-6.41	1.44	-3.22	-6.89	2.60	-4.10	-5.25	1.39	-6.44	-0.89	5.04
UC	-11.54	-8.62	-8.20	-5.88	-8.42	-8.43	-5.83	-4.06	-6.46	-4.70	-12.18	-5.18	-2.90	-3.59
UG	-6.37	-7.51	-5.99	-0.85	-6.33	-8.52	1.07	-7.51	-7.52	-0.19	-4.61	-2.24	0.87	-6.40	3.34
UU	-9.99	-7.52	-10.02	-3.80	-8.42	-6.85	-3.69	-4.58	-11.36	-3.97	-11.23	-4.89	-3.73	-5.07	-4.62	-0.04


BASE FREQUENCIES
2.52367e-01 2.24328e-01 3.01697e-01 2.21608e-01 

BASE PAIR FREQUENCIES
1.94132e-03 1.94266e-03 2.69810e-03 1.27852e-01 
1.55239e-03 9.15068e-04 2.62759e-01 2.26118e-03 
4.37916e-03 2.85269e-01 3.34755e-03 7.35670e-02 
1.53760e-01 1.25343e-03 7.27742e-02 3.72797e-03 


BASE MATCH FREQUENCIES
3.15190e-01 1.34871e-02 2.33943e-02 1.77820e-02 1.34871e-02 1.14616e-01 1.03706e-02 2.33143e-02 2.33943e-02 1.03706e-02 1.94535e-01 1.67065e-02 1.77820e-02 2.33143e-02 1.67065e-02 1.65550e-01 

BASE PAIR MATCH FREQUENCIES
1.13821e-03 7.05447e-06 1.12317e-05 9.47398e-05 3.19648e-06 2.30284e-07 1.06586e-04 9.71149e-07 1.24789e-05 1.10344e-04 8.13316e-06 4.10795e-05 1.42512e-04 1.06328e-06 5.14397e-05 3.07367e-06 
7.05447e-06 8.30357e-04 5.46585e-06 5.49846e-04 1.43132e-06 3.28291e-06 5.97160e-05 2.64797e-06 1.19100e-05 2.46673e-04 1.31290e-05 1.33199e-04 4.64160e-05 7.14420e-06 2.07539e-05 1.51690e-05 
1.12317e-05 5.46585e-06 1.75655e-03 5.16598e-05 1.97962e-06 2.79290e-07 1.55223e-04 1.44037e-05 2.51372e-05 8.81221e-05 1.40258e-04 4.06561e-05 5.02204e-05 1.29074e-05 8.03340e-05 3.60501e-06 
9.47398e-05 5.49846e-04 5.16598e-05 7.63713e-02 4.06090e-05 2.70309e-05 1.11727e-02 5.77964e-05 4.97104e-05 2.17436e-02 6.06816e-05 4.65603e-03 8.48848e-03 4.73718e-05 2.06839e-03 1.96817e-04 
3.19648e-06 1.43132e-06 1.97962e-06 4.06090e-05 5.89489e-04 1.63017e-06 3.06836e-04 1.19173e-05 1.15778e-05 6.00743e-05 1.79964e-06 1.60665e-05 3.39970e-04 8.18910e-06 4.71124e-05 8.09315e-06 
2.30284e-07 3.28291e-06 2.79290e-07 2.70309e-05 1.63017e-06 4.47033e-04 9.98415e-05 3.31171e-05 9.92681e-07 1.80259e-04 5.45861e-07 1.19952e-05 2.37254e-05 7.26642e-06 9.16911e-06 2.14718e-05 
1.06586e-04 5.97160e-05 1.55223e-04 1.11727e-02 3.06836e-04 9.98415e-05 1.96103e-01 1.22886e-04 3.30052e-04 1.77454e-02 2.52132e-04 3.19252e-03 2.29291e-02 5.93097e-05 9.49107e-03 2.57795e-04 
9.71149e-07 2.64797e-06 1.44037e-05 5.77964e-05 1.19173e-05 3.31171e-05 1.22886e-04 1.41638e-03 4.35159e-05 4.37667e-05 7.74131e-07 6.20717e-05 1.62286e-04 1.47785e-04 1.81859e-05 1.01838e-04 
1.24789e-05 1.19100e-05 2.51372e-05 4.97104e-05 1.15778e-05 9.92681e-07 3.30052e-04 4.35159e-05 3.05433e-03 2.93742e-04 8.54796e-05 5.71874e-05 1.11670e-04 4.29623e-05 2.78293e-05 1.42114e-06 
1.10344e-04 2.46673e-04 8.81221e-05 2.17436e-02 6.00743e-05 1.80259e-04 1.77454e-02 4.37667e-05 2.93742e-04 2.26902e-01 3.70109e-04 9.75786e-03 9.94091e-03 1.29550e-04 3.97186e-03 2.11869e-04 
8.13316e-06 1.31290e-05 1.40258e-04 6.06816e-05 1.79964e-06 5.45861e-07 2.52132e-04 7.74131e-07 8.54796e-05 3.70109e-04 2.07056e-03 1.01445e-04 5.86778e-05 9.74084e-07 2.48576e-04 1.86045e-06 
4.10795e-05 1.33199e-04 4.06561e-05 4.65603e-03 1.60665e-05 1.19952e-05 3.19252e-03 6.20717e-05 5.71874e-05 9.75786e-03 1.01445e-04 5.17386e-02 2.01432e-03 9.16798e-05 9.44643e-04 1.10815e-04 
1.42512e-04 4.64160e-05 5.02204e-05 8.48848e-03 3.39970e-04 2.37254e-05 2.29291e-02 1.62286e-04 1.11670e-04 9.94091e-03 5.86778e-05 2.01432e-03 1.02958e-01 3.73537e-04 6.81328e-03 2.06462e-04 
1.06328e-06 7.14420e-06 1.29074e-05 4.73718e-05 8.18910e-06 7.26642e-06 5.93097e-05 1.47785e-04 4.29623e-05 1.29550e-04 9.74084e-07 9.16798e-05 3.73537e-04 2.05340e-04 3.92365e-05 7.27510e-05 
5.14397e-05 2.07539e-05 8.03340e-05 2.06839e-03 4.71124e-05 9.16911e-06 9.49107e-03 1.81859e-05 2.78293e-05 3.97186e-03 2.48576e-04 9.44643e-04 6.81328e-03 3.92365e-05 4.53509e-02 1.33256e-04 
3.07367e-06 1.51690e-05 3.60501e-06 1.96817e-04 8.09315e-06 2.14718e-05 2.57795e-04 1.01838e-04 1.42114e-06 2.11869e-04 1.86045e-06 1.10815e-04 2.06462e-04 7.27510e-05 1.33256e-04 2.34616e-03 

