RIBOSUM

	A	C	G	U
A	2.31
C	-2.12	1.20
G	-1.73	-2.79	1.11
U	-1.69	-1.14	-2.04	1.76


	AA	AC	AG	AU	CA	CC	CG	CU	GA	GC	GG	GU	UA	UC	UG	UU
AA	-1.96
AC	-9.90	-2.14
AG	-8.71	-9.92	-1.74
AU	-5.28	-2.50	-6.13	4.61
CA	-9.90	-10.69	-10.71	-6.26	-2.47
CC	-13.52	-9.48	-13.43	-6.86	-10.62	-2.57
CG	-5.33	-6.00	-4.92	1.48	-3.53	-5.06	5.45
CU	-11.59	-10.94	-7.94	-5.66	-7.68	-6.46	-4.78	-0.83
GA	-8.54	-9.15	-7.61	-6.48	-8.26	-12.17	-3.85	-6.77	-0.92
GC	-5.44	-3.90	-5.56	2.52	-6.04	-4.31	1.82	-6.45	-4.15	5.66
GG	-9.78	-9.45	-5.70	-6.19	-11.46	-12.67	-4.56	-12.42	-6.48	-4.06	-1.94
GU	-6.97	-5.69	-7.20	0.33	-7.79	-7.90	-0.57	-6.29	-6.52	1.06	-6.04	3.55
UA	-4.51	-5.90	-6.46	1.43	-3.20	-7.00	2.58	-4.25	-5.31	1.31	-6.34	-0.89	5.06
UC	-11.22	-8.28	-7.85	-5.60	-7.88	-8.49	-5.67	-3.88	-6.37	-4.61	-11.94	-5.45	-2.84	-3.30
UG	-6.51	-7.54	-5.74	-0.87	-6.19	-8.87	1.09	-8.04	-7.25	-0.26	-4.58	-2.30	0.88	-6.60	3.34
UU	-9.84	-7.75	-10.18	-3.84	-8.53	-6.57	-3.89	-4.23	-11.63	-4.26	-10.91	-5.02	-3.66	-5.28	-4.91	0.01


BASE FREQUENCIES
2.53797e-01 2.23498e-01 3.01775e-01 2.20930e-01 

BASE PAIR FREQUENCIES
1.84549e-03 1.81411e-03 2.73706e-03 1.27798e-01 
1.58314e-03 8.95435e-04 2.61762e-01 2.15528e-03 
4.48584e-03 2.85454e-01 3.44212e-03 7.34217e-02 
1.55090e-01 1.34298e-03 7.24625e-02 3.70994e-03 


BASE MATCH FREQUENCIES
3.20110e-01 1.30183e-02 2.30367e-02 1.73674e-02 1.30183e-02 1.14595e-01 9.74771e-03 2.24292e-02 2.30367e-02 9.74771e-03 1.95991e-01 1.61916e-02 1.73674e-02 2.24292e-02 1.61916e-02 1.65721e-01 

BASE PAIR MATCH FREQUENCIES
1.06507e-03 3.83700e-06 1.17443e-05 9.28316e-05 3.82642e-06 2.74289e-07 1.08289e-04 1.03171e-06 1.32381e-05 1.00002e-04 6.69366e-06 3.41500e-05 1.58013e-04 1.33370e-06 4.72096e-05 3.42131e-06 
3.83700e-06 7.32355e-04 4.49341e-06 5.61279e-04 1.94718e-06 3.95595e-06 5.97774e-05 1.42144e-06 7.63336e-06 2.56270e-04 7.37620e-06 7.34906e-05 5.32337e-05 8.99900e-06 2.03639e-05 1.29031e-05 
1.17443e-05 4.49341e-06 1.75397e-03 6.14939e-05 2.58745e-06 3.46897e-07 1.70890e-04 1.54235e-05 2.99787e-05 1.09655e-04 1.34137e-04 3.47246e-05 4.87873e-05 1.64426e-05 9.53543e-05 3.22224e-06 
9.28316e-05 5.61279e-04 6.14939e-05 7.66864e-02 4.14781e-05 2.41178e-05 1.05845e-02 5.47319e-05 4.80757e-05 2.16241e-02 6.99312e-05 4.69089e-03 8.49016e-03 5.72384e-05 2.04246e-03 1.91355e-04 
3.82642e-06 1.94718e-06 2.58745e-06 4.14781e-05 5.78797e-04 1.80550e-06 3.30540e-04 1.36905e-05 1.42182e-05 5.80786e-05 1.83812e-06 1.71058e-05 3.45993e-04 1.19168e-05 5.16457e-05 7.49790e-06 
2.74289e-07 3.95595e-06 3.46897e-07 2.41178e-05 1.80550e-06 4.21584e-04 1.00985e-04 2.79393e-05 8.31962e-07 1.70399e-04 6.95655e-07 1.39840e-05 2.19060e-05 6.87553e-06 7.09973e-06 2.56235e-05 
1.08289e-04 5.97774e-05 1.70890e-04 1.05845e-02 3.30540e-04 1.00985e-04 1.98188e-01 1.21501e-04 3.59046e-04 1.60506e-02 2.59712e-04 3.02600e-03 2.25605e-02 6.54583e-05 9.57311e-03 2.21825e-04 
1.03171e-06 1.42144e-06 1.54235e-05 5.47319e-05 1.36905e-05 2.79393e-05 1.21501e-04 1.37472e-03 3.45602e-05 3.81352e-05 8.18701e-07 4.20382e-05 1.45726e-04 1.65660e-04 1.25370e-05 1.28664e-04 
1.32381e-05 7.63336e-06 2.99787e-05 4.80757e-05 1.42182e-05 8.31962e-07 3.59046e-04 3.45602e-05 3.10611e-03 2.90234e-04 7.80024e-05 5.55355e-05 1.08056e-04 4.57453e-05 3.35591e-05 1.18155e-06 
1.00002e-04 2.56270e-04 1.09655e-04 2.16241e-02 5.80786e-05 1.70399e-04 1.60506e-02 3.81352e-05 2.90234e-04 2.30287e-01 3.67512e-04 9.38049e-03 9.38160e-03 1.36800e-04 3.75476e-03 1.71910e-04 
6.69366e-06 7.37620e-06 1.34137e-04 6.99312e-05 1.83812e-06 6.95655e-07 2.59712e-04 8.18701e-07 7.80024e-05 3.67512e-04 2.16159e-03 9.24058e-05 6.29911e-05 1.14073e-06 2.54152e-04 2.30809e-06 
3.41500e-05 7.34906e-05 3.47246e-05 4.69089e-03 1.71058e-05 1.39840e-05 3.02600e-03 4.20382e-05 5.55355e-05 9.38049e-03 9.24058e-05 5.21022e-02 2.01746e-03 7.54554e-05 9.05445e-04 1.00312e-04 
1.58013e-04 5.32337e-05 4.87873e-05 8.49016e-03 3.45993e-04 2.19060e-05 2.25605e-02 1.45726e-04 1.08056e-04 9.38160e-03 6.29911e-05 2.01746e-03 1.05104e-01 3.87609e-04 6.88527e-03 2.16566e-04 
1.33370e-06 8.99900e-06 1.64426e-05 5.72384e-05 1.19168e-05 6.87553e-06 6.54583e-05 1.65660e-04 4.57453e-05 1.36800e-04 1.14073e-06 7.54554e-05 3.87609e-04 2.48113e-04 3.38970e-05 6.19041e-05 
4.72096e-05 2.03639e-05 9.53543e-05 2.04246e-03 5.16457e-05 7.09973e-06 9.57311e-03 1.25370e-05 3.35591e-05 3.75476e-03 2.54152e-04 9.05445e-04 6.88527e-03 3.38970e-05 4.50970e-02 1.08196e-04 
3.42131e-06 1.29031e-05 3.22224e-06 1.91355e-04 7.49790e-06 2.56235e-05 2.21825e-04 1.28664e-04 1.18155e-06 1.71910e-04 2.30809e-06 1.00312e-04 2.16566e-04 6.19041e-05 1.08196e-04 2.39617e-03 

