RIBOSUM

	A	C	G	U
A	2.35
C	-2.83	1.44
G	-2.43	-3.27	1.27
U	-2.49	-1.40	-2.69	1.86


	AA	AC	AG	AU	CA	CC	CG	CU	GA	GC	GG	GU	UA	UC	UG	UU
AA	-0.72
AC	-8.70	-1.00
AG	-7.88	-9.68	-1.59
AU	-5.47	-4.75	-6.30	4.97
CA	-9.81	-11.32	-10.43	-7.10	-1.30
CC	-13.41	-8.73	-12.63	-7.76	-9.88	-1.23
CG	-5.94	-6.44	-5.11	0.56	-3.37	-5.07	5.70
CU	-10.68	-11.53	-9.61	-6.09	-9.15	-7.76	-5.01	0.04
GA	-8.81	-7.26	-7.93	-7.89	-8.21	-14.50	-5.88	-9.16	-0.71
GC	-5.07	-3.99	-7.01	1.74	-6.21	-4.60	1.08	-7.58	-4.79	5.84
GG	-10.65	-11.41	-5.11	-7.88	-12.50	-14.10	-5.04	-13.47	-7.44	-5.32	-1.91
GU	-6.92	-5.98	-8.08	-0.03	-8.51	-8.59	-1.36	-6.81	-6.98	0.63	-6.23	3.68
UA	-5.09	-6.81	-7.25	0.14	-4.10	-7.55	1.91	-5.81	-5.95	0.25	-7.60	-2.24	5.19
UC	-11.12	-8.99	-10.46	-6.74	-10.77	-8.86	-6.29	-5.56	-8.81	-4.86	-12.88	-4.70	-4.16	-2.73
UG	-7.01	-8.18	-6.75	-2.00	-6.38	-9.22	0.80	-8.57	-8.75	-1.20	-6.18	-2.78	0.12	-7.40	3.56
UU	-9.59	-8.05	-10.38	-3.53	-7.62	-7.07	-4.19	-6.60	-13.16	-4.24	-12.05	-4.93	-4.20	-4.18	-5.46	0.03


BASE FREQUENCIES
2.51654e-01 2.20662e-01 2.92640e-01 2.35045e-01 

BASE PAIR FREQUENCIES
3.22996e-03 2.11714e-03 2.42972e-03 1.37531e-01 
2.07488e-03 1.36635e-03 2.57557e-01 3.07167e-03 
3.83362e-03 2.74043e-01 2.73182e-03 7.57072e-02 
1.55063e-01 1.17136e-03 7.37173e-02 4.35476e-03 


BASE MATCH FREQUENCIES
3.23650e-01 7.80633e-03 1.36991e-02 1.05189e-02 7.80633e-03 1.31809e-01 6.68666e-03 1.96125e-02 1.36991e-02 6.68666e-03 2.05873e-01 1.06342e-02 1.05189e-02 1.96125e-02 1.06342e-02 2.00752e-01 

BASE PAIR MATCH FREQUENCIES
2.43788e-03 8.46245e-06 1.98397e-05 8.44086e-05 3.91458e-06 2.84118e-07 6.68094e-05 2.00566e-06 1.03841e-05 1.21957e-04 3.36395e-06 3.60482e-05 1.09657e-04 1.47554e-06 3.38371e-05 4.53501e-06 
8.46245e-06 1.53827e-03 4.97221e-06 1.22038e-04 1.20383e-06 6.38239e-06 4.12913e-05 9.75735e-07 2.66026e-05 2.25547e-04 1.74818e-06 6.05882e-05 2.92346e-05 5.67669e-06 1.32067e-05 1.15971e-05 
1.98397e-05 4.97221e-06 1.79861e-03 5.53630e-05 2.96333e-06 5.65020e-07 1.38176e-04 4.87592e-06 2.22521e-05 3.68197e-05 1.82687e-04 1.87784e-05 2.85745e-05 2.70233e-06 4.71116e-05 3.05059e-06 
8.44086e-05 1.22038e-04 5.53630e-05 1.09650e-01 2.39533e-05 1.32585e-05 5.64044e-03 4.51684e-05 1.83135e-05 1.28015e-02 2.14731e-05 3.97153e-03 3.86403e-03 2.86977e-05 1.01475e-03 2.83159e-04 
3.91458e-06 1.20383e-06 2.96333e-06 2.39533e-05 1.25130e-03 2.87684e-06 3.45913e-04 5.07493e-06 1.37800e-05 4.83177e-05 8.18216e-07 1.04586e-05 1.91169e-04 1.65419e-06 4.58759e-05 1.55772e-05 
2.84118e-07 6.38239e-06 5.65020e-07 1.32585e-05 2.87684e-06 1.00874e-03 9.35935e-05 1.16311e-05 1.55224e-07 1.29623e-04 2.36816e-07 8.69896e-06 1.53913e-05 5.43911e-06 5.61744e-06 2.00038e-05 
6.68094e-05 4.12913e-05 1.38176e-04 5.64044e-03 3.45913e-04 9.35935e-05 2.17436e-01 1.03758e-04 8.07648e-05 8.81302e-03 1.67783e-04 1.73172e-03 1.43439e-02 4.28082e-05 7.73136e-03 1.95600e-04 
2.00566e-06 9.75735e-07 4.87592e-06 4.51684e-05 5.07493e-06 1.16311e-05 1.03758e-04 2.77073e-03 6.68120e-06 1.74544e-05 3.91580e-07 3.19029e-05 5.47502e-05 5.71718e-05 9.38981e-06 2.95018e-05 
1.03841e-05 2.66026e-05 2.22521e-05 1.83135e-05 1.37800e-05 1.55224e-07 8.07648e-05 6.68120e-06 3.31722e-03 1.71824e-04 3.62331e-05 4.01726e-05 7.05098e-05 8.51128e-06 1.17901e-05 4.44699e-07 
1.21957e-04 2.25547e-04 3.68197e-05 1.28015e-02 4.83177e-05 1.29623e-04 8.81302e-03 1.74544e-05 1.71824e-04 2.39528e-01 1.38149e-04 6.85475e-03 4.52925e-03 1.15261e-04 1.93561e-03 1.88546e-04 
3.36395e-06 1.74818e-06 1.82687e-04 2.14731e-05 8.18216e-07 2.36816e-07 1.67783e-04 3.91580e-07 3.62331e-05 1.38149e-04 1.95111e-03 7.83720e-05 2.60924e-05 5.88595e-07 8.10154e-05 1.11718e-06 
3.60482e-05 6.05882e-05 1.87784e-05 3.97153e-03 1.04586e-05 8.69896e-06 1.73172e-03 3.19029e-05 4.01726e-05 6.85475e-03 7.83720e-05 6.06023e-02 8.59077e-04 1.36795e-04 6.89155e-04 1.24653e-04 
1.09657e-04 2.92346e-05 2.85745e-05 3.86403e-03 1.91169e-04 1.53913e-05 1.43439e-02 5.47502e-05 7.05098e-05 4.52925e-03 2.60924e-05 8.59077e-04 1.27602e-01 1.71187e-04 4.43410e-03 1.77863e-04 
1.47554e-06 5.67669e-06 2.70233e-06 2.86977e-05 1.65419e-06 5.43911e-06 4.28082e-05 5.71718e-05 8.51128e-06 1.15261e-04 5.88595e-07 1.36795e-04 1.71187e-04 4.06127e-04 2.11649e-05 1.58191e-04 
3.38371e-05 1.32067e-05 4.71116e-05 1.01475e-03 4.58759e-05 5.61744e-06 7.73136e-03 9.38981e-06 1.17901e-05 1.93561e-03 8.10154e-05 6.89155e-04 4.43410e-03 2.11649e-05 5.58626e-02 8.65009e-05 
4.53501e-06 1.15971e-05 3.05059e-06 2.83159e-04 1.55772e-05 2.00038e-05 1.95600e-04 2.95018e-05 4.44699e-07 1.88546e-04 1.11718e-06 1.24653e-04 1.77863e-04 1.58191e-04 8.65009e-05 3.10930e-03 

