RIBOSUM

	A	C	G	U
A	1.30
C	-0.49	0.73
G	-0.32	-0.86	0.62
U	-0.39	-0.32	-0.65	0.73


	AA	AC	AG	AU	CA	CC	CG	CU	GA	GC	GG	GU	UA	UC	UG	UU
AA	-4.18
AC	-10.87	-1.55
AG	-10.36	-10.05	-3.01
AU	-4.90	-2.25	-3.11	3.83
CA	-11.61	-12.57	-11.98	-6.09	-4.24
CC	-13.66	-10.38	-12.27	-3.48	-12.16	-3.96
CG	-4.21	-4.46	-3.02	2.29	-3.81	-5.27	5.50
CU	-12.56	-11.01	-9.69	-4.96	-9.85	-7.96	-4.16	-2.82
GA	-10.37	-9.50	-9.43	-4.52	-9.86	-12.26	-4.95	-8.18	-2.16
GC	-5.49	-2.68	-3.16	3.23	-6.06	-4.06	3.22	-2.31	-1.45	5.71
GG	-10.68	-9.90	-3.28	-5.70	-12.23	-13.05	-4.74	-10.75	-7.79	-2.97	-3.11
GU	-7.27	-5.36	-6.62	0.66	-8.02	-8.55	0.58	-2.88	-6.50	1.65	-5.19	2.68
UA	-2.92	-6.14	-2.70	2.02	-2.82	-6.60	3.28	-3.35	-4.34	2.19	-6.49	0.02	4.38
UC	-13.31	-9.97	-9.70	-5.83	-10.32	-10.07	-5.65	-6.07	-8.26	-4.59	-12.13	-5.97	-3.88	-5.57
UG	-4.08	-2.72	-3.66	-1.05	-7.50	-8.65	1.22	-7.80	-8.48	0.00	-5.47	-1.38	0.74	-3.65	2.89
UU	-11.80	-9.10	-9.53	-4.32	-10.13	-8.82	-3.28	-6.95	-11.17	-3.34	-11.69	-2.76	-1.91	-7.32	-2.75	-1.58


BASE FREQUENCIES
2.68772e-01 2.04514e-01 2.74895e-01 2.51819e-01 

BASE PAIR FREQUENCIES
3.17524e-03 2.72876e-03 3.52082e-03 1.60679e-01 
1.62964e-03 1.00905e-03 2.31881e-01 3.16313e-03 
3.62571e-03 2.50534e-01 2.50159e-03 7.51738e-02 
1.75515e-01 1.77032e-03 7.81716e-02 4.92141e-03 


BASE MATCH FREQUENCIES
1.77915e-01 3.92085e-02 5.92313e-02 5.14717e-02 3.92085e-02 6.92189e-02 3.09588e-02 4.11162e-02 5.92313e-02 3.09588e-02 1.15756e-01 4.40239e-02 5.14717e-02 4.11162e-02 4.40239e-02 1.05090e-01 

BASE PAIR MATCH FREQUENCIES
2.88708e-04 2.12089e-06 4.07443e-06 1.63993e-04 1.27014e-06 2.34116e-07 2.18827e-04 6.17183e-07 4.04637e-06 9.05895e-05 3.32365e-06 3.23464e-05 6.44591e-04 3.65520e-07 2.95579e-04 1.28165e-06 
2.12089e-06 1.02831e-03 3.83812e-06 7.79612e-04 4.98150e-07 1.72002e-06 1.40038e-04 1.36822e-06 5.59089e-06 4.81848e-04 4.33253e-06 9.24186e-05 5.28524e-05 2.81504e-06 5.79273e-04 6.35905e-06 
4.07443e-06 3.83812e-06 6.76876e-04 5.80631e-04 1.00485e-06 6.25976e-07 5.12164e-04 4.60963e-06 7.90354e-06 4.63959e-04 5.76149e-04 5.19135e-05 7.71550e-04 4.57315e-06 4.04582e-04 6.31695e-06 
1.63993e-04 7.79612e-04 5.80631e-04 6.50126e-02 5.46039e-05 2.54229e-04 1.86310e-02 1.12373e-04 2.18594e-04 3.56600e-02 9.81297e-05 7.40762e-03 1.85525e-02 6.14303e-05 2.25634e-03 2.14998e-04 
1.27014e-06 4.98150e-07 1.00485e-06 5.46039e-05 1.59457e-04 5.03364e-07 2.20838e-04 3.06302e-06 4.35522e-06 4.64015e-05 8.67361e-07 1.47096e-05 5.27794e-04 2.22044e-06 2.10404e-05 3.11674e-06 
2.34116e-07 1.72002e-06 6.25976e-07 2.54229e-04 5.03364e-07 1.12781e-04 6.09085e-05 8.64149e-06 6.28792e-07 1.40880e-04 3.72840e-07 7.70784e-06 2.90927e-05 2.00466e-06 7.21665e-06 5.86118e-06 
2.18827e-04 1.40038e-04 5.12164e-04 1.86310e-02 2.20838e-04 6.09085e-05 1.42544e-01 1.61473e-04 1.33932e-04 2.95289e-02 1.59124e-04 5.81681e-03 3.69411e-02 5.76309e-05 9.05665e-03 3.67278e-04 
6.17183e-07 1.36822e-06 4.60963e-06 1.12373e-04 3.06302e-06 8.64149e-06 1.61473e-04 3.75792e-04 1.31165e-05 5.84632e-04 2.26015e-06 4.85723e-04 3.41741e-04 3.96081e-05 1.59757e-05 2.64007e-05 
4.04637e-06 5.59089e-06 7.90354e-06 2.18594e-04 4.35522e-06 6.28792e-07 1.33932e-04 1.31165e-05 1.21957e-03 1.51556e-03 2.51518e-05 5.65824e-05 2.46943e-04 1.24495e-05 1.42819e-05 2.03845e-06 
9.05895e-05 4.81848e-04 4.63959e-04 3.56600e-02 4.64015e-05 1.40880e-04 2.95289e-02 5.84632e-04 1.51556e-03 1.65996e-01 5.43819e-04 1.22463e-02 1.73050e-02 1.19846e-04 3.89844e-03 3.53182e-04 
3.32365e-06 4.33253e-06 5.76149e-04 9.81297e-05 8.67361e-07 3.72840e-07 1.59124e-04 2.26015e-06 2.51518e-05 5.43819e-04 6.63144e-04 1.43626e-04 5.69239e-05 8.71106e-07 1.17887e-04 1.45532e-06 
3.23464e-05 9.24186e-05 5.19135e-05 7.40762e-03 1.47096e-05 7.70784e-06 5.81681e-03 4.85723e-04 5.65824e-05 1.22463e-02 1.43626e-04 3.06891e-02 4.74238e-03 5.69136e-05 1.84452e-03 6.46671e-04 
6.44591e-04 5.28524e-05 7.71550e-04 1.85525e-02 5.27794e-04 2.90927e-05 3.69411e-02 3.41741e-04 2.46943e-04 1.73050e-02 5.69239e-05 4.74238e-03 9.53492e-02 2.36421e-04 7.84138e-03 1.14171e-03 
3.65520e-07 2.81504e-06 4.57315e-06 6.14303e-05 2.22044e-06 2.00466e-06 5.76309e-05 3.96081e-05 1.24495e-05 1.19846e-04 8.71106e-07 5.69136e-05 2.36421e-04 5.56901e-05 2.83924e-04 2.04579e-05 
2.95579e-04 5.79273e-04 4.04582e-04 2.25634e-03 2.10404e-05 7.21665e-06 9.05665e-03 1.59757e-05 1.42819e-05 3.89844e-03 1.17887e-04 1.84452e-03 7.84138e-03 2.83924e-04 3.55091e-02 6.50517e-04 
1.28165e-06 6.35905e-06 6.31695e-06 2.14998e-04 3.11674e-06 5.86118e-06 3.67278e-04 2.64007e-05 2.03845e-06 3.53182e-04 1.45532e-06 6.46671e-04 1.14171e-03 2.04579e-05 6.50517e-04 1.34055e-03 

