RIBOSUM

	A	C	G	U
A	2.43
C	-5.46	1.72
G	-4.89	-5.84	1.45
U	-4.79	-3.76	-5.38	2.06


	AA	AC	AG	AU	CA	CC	CG	CU	GA	GC	GG	GU	UA	UC	UG	UU
AA	-0.87
AC	-9.23	-0.58
AG	-8.48	-10.59	-1.11
AU	-6.52	-5.42	-8.24	5.24
CA	-7.69	-9.72	-12.51	-9.54	-0.80
CC	-20.39	-8.62	-15.87	-11.28	-9.65	-0.94
CG	-8.59	-9.61	-6.08	-3.81	-4.70	-5.94	5.96
CU	-12.38	-16.56	-12.72	-6.86	-10.92	-7.89	-6.43	0.03
GA	-9.12	-13.59	-11.14	-10.80	-9.70	-17.04	-10.81	-inf	-0.46
GC	-8.94	-4.78	-10.30	-1.55	-9.63	-5.63	-3.34	-9.89	-7.12	6.09
GG	-13.36	-12.47	-9.07	-10.52	-12.46	-15.00	-6.60	-14.41	-9.86	-5.51	-1.27
GU	-8.90	-7.98	-9.77	-1.98	-10.99	-10.57	-5.40	-6.84	-8.08	-1.38	-7.46	3.91
UA	-7.13	-9.88	-11.06	-3.50	-4.63	-10.96	-1.50	-9.81	-7.53	-3.87	-10.76	-5.52	5.46
UC	-10.68	-8.87	-14.49	-10.02	-13.12	-8.09	-9.25	-8.09	-14.58	-5.92	-14.07	-8.76	-6.51	-0.95
UG	-9.70	-12.16	-8.01	-5.68	-8.25	-11.89	-1.41	-11.26	-11.54	-5.46	-7.37	-6.71	-1.99	-7.07	3.89
UU	-14.45	-10.84	-14.53	-6.03	-10.54	-10.85	-8.15	-7.84	-15.63	-8.60	-14.15	-6.43	-6.02	-6.04	-6.73	0.40


BASE FREQUENCIES
2.59959e-01 2.16915e-01 2.89248e-01 2.33877e-01 

BASE PAIR FREQUENCIES
2.69802e-03 2.41191e-03 2.81097e-03 1.42660e-01 
2.21289e-03 1.32886e-03 2.48695e-01 2.76872e-03 
4.22712e-03 2.71538e-01 3.17525e-03 7.17724e-02 
1.66232e-01 1.55024e-03 7.16544e-02 4.26413e-03 


BASE MATCH FREQUENCIES
3.64426e-01 1.28398e-03 2.52769e-03 2.20021e-03 1.28398e-03 1.54731e-01 1.09395e-03 3.75711e-03 2.52769e-03 1.09395e-03 2.28324e-01 1.62822e-03 2.20021e-03 3.75711e-03 1.62822e-03 2.27538e-01 

BASE PAIR MATCH FREQUENCIES
2.49636e-03 6.34340e-06 1.42741e-05 4.49081e-05 1.85162e-05 2.32099e-09 1.10321e-05 6.44775e-07 9.13761e-06 8.61142e-06 5.37510e-07 9.58692e-06 2.93413e-05 2.09101e-06 5.48279e-06 1.65009e-07 
6.34340e-06 2.13273e-03 2.74277e-06 7.98548e-05 3.76218e-06 6.73438e-06 4.52686e-06 2.96736e-08 3.44886e-07 1.29202e-04 8.31635e-07 1.51126e-05 3.63434e-06 6.10586e-06 8.31684e-07 1.67904e-06 
1.42741e-05 2.74277e-06 2.61177e-03 1.51470e-05 7.27085e-07 5.90356e-08 6.99344e-05 5.65367e-07 2.49748e-06 3.74199e-06 1.16807e-05 5.81941e-06 2.13921e-06 1.65891e-07 1.97932e-05 1.73277e-07 
4.49081e-05 7.98548e-05 1.51470e-05 1.39239e-01 4.60746e-06 1.14800e-06 2.72525e-04 2.65360e-05 2.55666e-06 1.30652e-03 3.46678e-06 1.03973e-03 3.27834e-04 2.96424e-06 8.04945e-05 5.10308e-05 
1.85162e-05 3.76218e-06 7.27085e-07 4.60746e-06 1.82391e-03 3.30347e-06 1.36125e-04 1.47600e-06 5.08104e-06 4.47616e-06 8.36426e-07 1.87209e-06 1.38416e-04 3.20432e-07 1.25420e-05 2.06693e-06 
2.32099e-09 6.73438e-06 5.90356e-08 1.14800e-06 3.30347e-06 1.15560e-03 4.79256e-05 1.00457e-05 2.61779e-08 5.97108e-05 1.20049e-07 2.08952e-06 1.43876e-06 8.73964e-06 8.38737e-07 1.39146e-06 
1.10321e-05 4.52686e-06 6.99344e-05 2.72525e-04 1.36125e-04 4.79256e-05 2.44671e-01 3.69052e-05 2.63090e-06 3.88440e-04 5.41341e-05 1.00227e-04 1.35203e-03 5.23539e-06 1.59237e-03 1.20664e-05 
6.44775e-07 2.96736e-08 5.65367e-07 2.65360e-05 1.47600e-06 1.00457e-05 3.69052e-05 2.62847e-03 0.00000e+00 3.35133e-06 1.95535e-07 2.99807e-05 3.43065e-06 9.47093e-06 1.39967e-06 1.21220e-05 
9.13761e-06 3.44886e-07 2.49748e-06 2.55666e-06 5.08104e-06 2.61779e-08 2.63090e-06 0.00000e+00 4.12190e-03 3.38017e-05 6.77125e-06 1.87922e-05 2.47552e-05 1.55443e-07 1.70325e-06 8.13314e-08 
8.61142e-06 1.29202e-04 3.74199e-06 1.30652e-03 4.47616e-06 5.97108e-05 3.88440e-04 3.35133e-06 3.38017e-05 2.68248e-01 1.15094e-04 1.62656e-03 2.60884e-04 5.23907e-05 9.61557e-05 8.85945e-06 
5.37510e-07 8.31635e-07 1.16807e-05 3.46678e-06 8.36426e-07 1.20049e-07 5.41341e-05 1.95535e-07 6.77125e-06 1.15094e-04 2.90310e-03 3.21097e-05 2.92882e-06 2.47635e-07 3.42152e-05 2.51708e-07 
9.58692e-06 1.51126e-05 5.81941e-06 1.03973e-03 1.87209e-06 2.08952e-06 1.00227e-04 2.99807e-05 1.87922e-05 1.62656e-03 3.21097e-05 6.88327e-02 8.98169e-05 7.94057e-06 4.37565e-05 4.27883e-05 
2.93413e-05 3.63434e-06 2.13921e-06 3.27834e-04 1.38416e-04 1.43876e-06 1.35203e-03 3.43065e-06 2.47552e-05 2.60884e-04 2.92882e-06 8.98169e-05 1.62912e-01 3.38758e-05 1.03629e-03 5.11824e-05 
2.09101e-06 6.10586e-06 1.65891e-07 2.96424e-06 3.20432e-07 8.73964e-06 5.23539e-06 9.47093e-06 1.55443e-07 5.23907e-05 2.47635e-07 7.94057e-06 3.38758e-05 1.33034e-03 2.56214e-05 4.22429e-05 
5.48279e-06 8.31684e-07 1.97932e-05 8.04945e-05 1.25420e-05 8.38737e-07 1.59237e-03 1.39967e-06 1.70325e-06 9.61557e-05 3.42152e-05 4.37565e-05 1.03629e-03 2.56214e-05 6.80663e-02 3.47744e-05 
1.65009e-07 1.67904e-06 1.73277e-07 5.10308e-05 2.06693e-06 1.39146e-06 1.20664e-05 1.21220e-05 8.13314e-08 8.85945e-06 2.51708e-07 4.27883e-05 5.11824e-05 4.22429e-05 3.47744e-05 3.95652e-03 

