RIBOSUM

	A	C	G	U
A	2.24
C	-1.86	1.12
G	-1.48	-2.51	1.05
U	-1.43	-1.00	-1.80	1.69


	AA	AC	AG	AU	CA	CC	CG	CU	GA	GC	GG	GU	UA	UC	UG	UU
AA	-2.16
AC	-8.87	-2.05
AG	-7.76	-9.50	-1.85
AU	-4.83	-2.28	-5.97	4.50
CA	-9.58	-10.44	-9.90	-5.83	-2.62
CC	-12.30	-8.94	-13.18	-6.33	-10.11	-2.82
CG	-4.90	-5.69	-4.74	1.65	-3.28	-4.91	5.39
CU	-11.29	-9.47	-8.32	-5.12	-7.49	-6.02	-4.49	-0.92
GA	-7.88	-9.31	-7.36	-5.95	-7.85	-12.37	-4.08	-7.31	-1.01
GC	-5.15	-3.71	-5.20	2.63	-5.79	-3.98	2.10	-5.89	-4.07	5.63
GG	-9.21	-9.24	-5.45	-5.75	-10.77	-11.99	-4.62	-11.79	-6.31	-3.78	-2.01
GU	-6.27	-4.77	-6.92	0.50	-7.38	-7.60	-0.34	-5.36	-6.11	1.24	-5.93	3.46
UA	-4.16	-5.64	-6.25	1.54	-2.91	-6.55	2.72	-4.42	-5.22	1.56	-6.08	-0.72	4.96
UC	-10.74	-8.21	-8.16	-5.26	-7.86	-7.70	-5.47	-3.79	-6.57	-4.28	-11.60	-5.19	-2.98	-3.34
UG	-6.09	-7.25	-5.81	-0.75	-5.91	-8.30	1.21	-7.16	-7.23	-0.13	-4.74	-2.17	0.94	-5.92	3.28
UU	-9.37	-7.13	-10.12	-3.53	-8.33	-5.99	-3.53	-4.27	-10.60	-3.88	-10.65	-4.61	-3.50	-5.65	-4.30	-0.13


BASE FREQUENCIES
2.55108e-01 2.23101e-01 3.00819e-01 2.20972e-01 

BASE PAIR FREQUENCIES
1.93916e-03 2.09900e-03 2.79758e-03 1.28184e-01 
1.72152e-03 9.17628e-04 2.60710e-01 2.25315e-03 
4.32015e-03 2.85975e-01 3.44784e-03 7.27981e-02 
1.55327e-01 1.38467e-03 7.23358e-02 3.78918e-03 


BASE MATCH FREQUENCIES
3.08186e-01 1.56802e-02 2.74931e-02 2.09790e-02 1.56802e-02 1.08425e-01 1.17879e-02 2.45994e-02 2.74931e-02 1.17879e-02 1.87117e-01 1.90392e-02 2.09790e-02 2.45994e-02 1.90392e-02 1.57115e-01 

BASE PAIR MATCH FREQUENCIES
9.45361e-04 7.89875e-06 2.29878e-05 1.29193e-04 4.85340e-06 6.42126e-07 1.46484e-04 1.28035e-06 2.12268e-05 1.23396e-04 9.94123e-06 5.61460e-05 2.04834e-04 1.87040e-06 6.34696e-05 4.81846e-06 
7.89875e-06 7.80310e-04 6.03769e-06 6.60043e-04 2.32733e-06 5.77922e-06 7.38855e-05 3.95079e-06 6.86721e-06 2.92574e-04 8.51003e-06 1.38525e-04 6.43696e-05 9.50279e-06 2.48183e-05 1.98964e-05 
2.29878e-05 6.03769e-06 1.63311e-03 6.92419e-05 4.57060e-06 4.11798e-07 1.92458e-04 1.18452e-05 3.58481e-05 1.40044e-04 1.58997e-04 4.21407e-05 5.69901e-05 1.32242e-05 9.08103e-05 3.37378e-06 
1.29193e-04 6.60043e-04 6.92419e-05 7.20387e-02 5.64170e-05 3.47731e-05 1.18937e-02 7.99279e-05 7.02136e-05 2.33718e-02 9.48631e-05 5.28863e-03 9.24157e-03 7.24527e-05 2.23573e-03 2.37977e-04 
4.85340e-06 2.32733e-06 4.57060e-06 5.64170e-05 5.25503e-04 2.56084e-06 3.92457e-04 1.56476e-05 1.89815e-05 6.87976e-05 2.95797e-06 2.26860e-05 4.27064e-04 1.20833e-05 6.27327e-05 8.63492e-06 
6.42126e-07 5.77922e-06 4.11798e-07 3.47731e-05 2.56084e-06 3.51412e-04 1.11200e-04 3.78028e-05 7.20610e-07 2.11733e-04 1.11098e-06 1.70259e-05 2.99294e-05 1.17626e-05 1.04873e-05 3.81507e-05 
1.46484e-04 7.38855e-05 1.92458e-04 1.18937e-02 3.92457e-04 1.11200e-04 1.88868e-01 1.47399e-04 3.05236e-04 1.92731e-02 2.47004e-04 3.51665e-03 2.49765e-02 7.44980e-05 1.03142e-02 2.83110e-04 
1.28035e-06 3.95079e-06 1.18452e-05 7.99279e-05 1.56476e-05 3.78028e-05 1.47399e-04 1.28843e-03 2.38707e-05 5.56969e-05 1.25564e-06 7.99807e-05 1.30008e-04 1.75714e-04 2.28792e-05 1.25014e-04 
2.12268e-05 6.86721e-06 3.58481e-05 7.02136e-05 1.89815e-05 7.20610e-07 3.05236e-04 2.38707e-05 2.93034e-03 3.07183e-04 8.77525e-05 7.37799e-05 1.16166e-04 3.98863e-05 3.39518e-05 2.41708e-06 
1.23396e-04 2.92574e-04 1.40044e-04 2.33718e-02 6.87976e-05 2.11733e-04 1.92731e-02 5.56969e-05 3.07183e-04 2.23800e-01 4.41636e-04 1.05443e-02 1.11237e-02 1.70349e-04 4.06363e-03 2.23000e-04 
9.94123e-06 8.51003e-06 1.58997e-04 9.48631e-05 2.95797e-06 1.11098e-06 2.47004e-04 1.25564e-06 8.77525e-05 4.41636e-04 2.03512e-03 9.83979e-05 7.53722e-05 1.43930e-06 2.24332e-04 2.74331e-06 
5.61460e-05 1.38525e-04 4.21407e-05 5.28863e-03 2.26860e-05 1.70259e-05 3.51665e-03 7.99807e-05 7.37799e-05 1.05443e-02 9.83979e-05 4.87844e-02 2.28228e-03 8.99009e-05 9.84113e-04 1.33304e-04 
2.04834e-04 6.43696e-05 5.69901e-05 9.24157e-03 4.27064e-04 2.99294e-05 2.49765e-02 1.30008e-04 1.16166e-04 1.11237e-02 7.53722e-05 2.28228e-03 9.87763e-02 3.52936e-04 7.17065e-03 2.42952e-04 
1.87040e-06 9.50279e-06 1.32242e-05 7.24527e-05 1.20833e-05 1.17626e-05 7.44980e-05 1.75714e-04 3.98863e-05 1.70349e-04 1.43930e-06 8.99009e-05 3.52936e-04 2.40491e-04 5.41439e-05 4.80419e-05 
6.34696e-05 2.48183e-05 9.08103e-05 2.23573e-03 6.27327e-05 1.04873e-05 1.03142e-02 2.28792e-05 3.39518e-05 4.06363e-03 2.24332e-04 9.84113e-04 7.17065e-03 5.41439e-05 4.27772e-02 1.64866e-04 
4.81846e-06 1.98964e-05 3.37378e-06 2.37977e-04 8.63492e-06 3.81507e-05 2.83110e-04 1.25014e-04 2.41708e-06 2.23000e-04 2.74331e-06 1.33304e-04 2.42952e-04 4.80419e-05 1.64866e-04 2.17677e-03 

