RIBOSUM

	A	C	G	U
A	1.42
C	-0.67	0.86
G	-0.48	-1.05	0.75
U	-0.54	-0.39	-0.79	0.91


	AA	AC	AG	AU	CA	CC	CG	CU	GA	GC	GG	GU	UA	UC	UG	UU
AA	-4.02
AC	-10.73	-1.66
AG	-10.23	-9.91	-2.82
AU	-5.31	-2.72	-3.47	3.88
CA	-11.50	-12.34	-11.76	-6.04	-4.01
CC	-13.47	-10.12	-13.04	-3.23	-11.89	-3.65
CG	-4.17	-5.09	-2.97	2.09	-3.69	-5.12	5.62
CU	-12.70	-10.91	-9.45	-5.09	-9.58	-7.65	-4.36	-2.49
GA	-10.19	-9.32	-9.29	-4.36	-9.64	-12.83	-4.71	-7.92	-1.94
GC	-5.60	-2.53	-2.94	3.16	-6.09	-3.87	2.99	-2.58	-1.97	5.85
GG	-10.46	-9.67	-4.44	-5.83	-12.63	-12.94	-4.80	-10.51	-7.54	-3.06	-2.81
GU	-7.23	-5.16	-6.56	0.63	-7.92	-8.29	0.46	-2.56	-6.28	1.68	-5.03	2.86
UA	-2.90	-6.13	-2.74	1.81	-2.81	-6.73	3.28	-3.79	-4.15	2.03	-6.45	0.04	4.38
UC	-13.18	-9.72	-9.42	-5.72	-10.04	-9.75	-5.46	-5.74	-7.99	-4.45	-12.16	-5.68	-3.67	-5.25
UG	-4.10	-2.99	-3.62	-0.97	-7.38	-8.82	1.28	-7.68	-8.30	-0.04	-5.19	-1.40	0.68	-3.37	2.95
UU	-11.60	-8.82	-9.84	-4.53	-10.00	-8.56	-3.74	-6.62	-10.97	-3.60	-11.37	-3.28	-1.97	-6.99	-2.71	-1.24


BASE FREQUENCIES
2.74242e-01 2.03342e-01 2.73646e-01 2.48771e-01 

BASE PAIR FREQUENCIES
3.05094e-03 2.42680e-03 3.53113e-03 1.61391e-01 
1.61891e-03 9.00208e-04 2.31233e-01 2.89459e-03 
3.81807e-03 2.54721e-01 2.74780e-03 7.36674e-02 
1.78202e-01 1.75116e-03 7.33869e-02 4.65877e-03 


BASE MATCH FREQUENCIES
2.01435e-01 3.50181e-02 5.39418e-02 4.69994e-02 3.50181e-02 7.48099e-02 2.67985e-02 3.87265e-02 5.39418e-02 2.67985e-02 1.26064e-01 3.92546e-02 4.69994e-02 3.87265e-02 3.92546e-02 1.16214e-01 

BASE PAIR MATCH FREQUENCIES
3.48795e-04 2.46565e-06 4.69285e-06 1.29205e-04 1.45211e-06 2.74376e-07 2.33194e-04 5.72506e-07 4.82591e-06 8.63101e-05 4.01189e-06 3.40618e-05 6.88744e-04 4.11337e-07 2.98734e-04 1.49517e-06 
2.46565e-06 9.86318e-04 4.35466e-06 5.78113e-04 6.01848e-07 2.07440e-06 9.14097e-05 1.47038e-06 6.53852e-06 5.36231e-04 5.10885e-06 1.06101e-04 5.41890e-05 3.34190e-06 4.77693e-04 7.64754e-06 
4.69285e-06 4.35466e-06 7.98904e-04 4.62784e-04 1.20905e-06 3.67650e-07 5.34442e-04 5.43272e-06 8.99123e-06 5.45182e-04 2.59069e-04 5.43003e-05 7.67530e-04 5.52393e-06 4.15454e-04 5.07201e-06 
1.29205e-04 5.78113e-04 4.62784e-04 6.83767e-02 5.77187e-05 2.99829e-04 1.62006e-02 1.01673e-04 2.48539e-04 3.40346e-02 9.00364e-05 7.19599e-03 1.63635e-02 6.52506e-05 2.37731e-03 1.82324e-04 
1.45211e-06 6.01848e-07 1.20905e-06 5.77187e-05 1.92650e-04 6.08148e-07 2.40168e-04 3.69335e-06 5.26049e-06 4.56605e-05 6.59284e-07 1.57220e-05 5.43306e-04 2.68266e-06 2.28231e-05 3.37373e-06 
2.74376e-07 2.07440e-06 3.67650e-07 2.99829e-04 6.08148e-07 1.36259e-04 6.63140e-05 1.04403e-05 4.25444e-07 1.57816e-04 3.94934e-07 8.98851e-06 2.65277e-05 2.42196e-06 6.23742e-06 6.78214e-06 
2.33194e-04 9.14097e-05 5.34442e-04 1.62006e-02 2.40168e-04 6.63140e-05 1.52251e-01 1.36907e-04 1.59157e-04 2.46832e-02 1.49299e-04 5.20103e-03 3.69039e-02 6.37516e-05 9.17530e-03 2.58356e-04 
5.72506e-07 1.47038e-06 5.43272e-06 1.01673e-04 3.69335e-06 1.04403e-05 1.36907e-04 4.53986e-04 1.56702e-05 4.69914e-04 2.59895e-06 5.83695e-04 2.49225e-04 4.78532e-05 1.68213e-05 3.17705e-05 
4.82591e-06 6.53852e-06 8.99123e-06 2.48539e-04 5.26049e-06 4.25444e-07 1.59157e-04 1.56702e-05 1.46977e-03 1.06656e-03 3.02196e-05 6.57401e-05 2.87820e-04 1.49663e-05 1.62071e-05 2.31643e-06 
8.63101e-05 5.36231e-04 5.45182e-04 3.40346e-02 4.56605e-05 1.57816e-04 2.46832e-02 4.69914e-04 1.06656e-03 1.78395e-01 4.98902e-04 1.21338e-02 1.54693e-02 1.29210e-04 3.69070e-03 2.83111e-04 
4.01189e-06 5.10885e-06 2.59069e-04 9.00364e-05 6.59284e-07 3.94934e-07 1.49299e-04 2.59895e-06 3.02196e-05 4.98902e-04 8.01189e-04 1.56136e-04 5.86054e-05 8.30366e-07 1.39501e-04 1.75579e-06 
3.40618e-05 1.06101e-04 5.43003e-05 7.19599e-03 1.57220e-05 8.98851e-06 5.20103e-03 5.83695e-04 6.57401e-05 1.21338e-02 1.56136e-04 3.36979e-02 4.76706e-03 6.72899e-05 1.75129e-03 4.34038e-04 
6.88744e-04 5.41890e-05 7.67530e-04 1.63635e-02 5.43306e-04 2.65277e-05 3.69039e-02 2.49225e-04 2.87820e-04 1.54693e-02 5.86054e-05 4.76706e-03 9.69061e-02 2.71462e-04 7.43054e-03 1.07915e-03 
4.11337e-07 3.34190e-06 5.52393e-06 6.52506e-05 2.68266e-06 2.42196e-06 6.37516e-05 4.78532e-05 1.49663e-05 1.29210e-04 8.30366e-07 6.72899e-05 2.71462e-04 6.72829e-05 3.32130e-04 2.46814e-05 
2.98734e-04 4.77693e-04 4.15454e-04 2.37731e-03 2.28231e-05 6.23742e-06 9.17530e-03 1.68213e-05 1.62071e-05 3.69070e-03 1.39501e-04 1.75129e-03 7.43054e-03 3.32130e-04 3.58743e-02 6.42063e-04 
1.49517e-06 7.64754e-06 5.07201e-06 1.82324e-04 3.37373e-06 6.78214e-06 2.58356e-04 3.17705e-05 2.31643e-06 2.83111e-04 1.75579e-06 4.34038e-04 1.07915e-03 2.46814e-05 6.42063e-04 1.61945e-03 

