RIBOSUM

	A	C	G	U
A	2.13
C	-1.50	1.07
G	-1.21	-1.88	0.98
U	-1.28	-0.82	-1.45	1.52


	AA	AC	AG	AU	CA	CC	CG	CU	GA	GC	GG	GU	UA	UC	UG	UU
AA	-2.18
AC	-9.31	-1.83
AG	-9.07	-9.91	-2.03
AU	-5.29	-2.10	-6.42	4.42
CA	-10.25	-11.39	-11.21	-6.09	-2.77
CC	-13.92	-9.70	-13.66	-3.11	-10.92	-2.81
CG	-4.09	-5.84	-4.94	1.83	-3.49	-4.88	5.34
CU	-11.99	-10.21	-8.34	-4.72	-8.22	-6.54	-4.41	-1.11
GA	-8.91	-8.80	-8.13	-5.13	-8.82	-12.09	-4.18	-6.69	-1.24
GC	-5.46	-3.96	-5.97	2.71	-5.88	-4.08	2.45	-2.90	-2.85	5.58
GG	-9.50	-8.80	-4.50	-6.33	-11.70	-13.13	-4.73	-10.90	-6.63	-4.22	-2.11
GU	-6.86	-4.76	-6.94	0.49	-7.35	-7.92	-0.03	-4.89	-6.20	1.27	-5.65	3.39
UA	-2.94	-6.04	-3.41	1.68	-3.35	-6.75	2.80	-4.31	-4.83	1.61	-6.54	-0.31	4.85
UC	-11.83	-8.89	-8.40	-5.29	-8.75	-8.69	-5.36	-4.44	-6.73	-4.40	-11.95	-4.93	-3.23	-3.96
UG	-4.08	-7.41	-6.20	-0.83	-6.49	-8.49	1.09	-7.11	-7.44	0.02	-4.69	-1.63	0.83	-4.85	3.24
UU	-10.21	-7.87	-10.38	-3.68	-8.73	-7.21	-3.37	-4.99	-11.38	-3.59	-11.14	-3.18	-2.19	-5.48	-4.54	-0.49


BASE FREQUENCIES
2.52716e-01 2.22960e-01 2.98690e-01 2.25634e-01 

BASE PAIR FREQUENCIES
2.29003e-03 2.08278e-03 2.62802e-03 1.31117e-01 
1.74269e-03 1.03725e-03 2.60660e-01 2.55485e-03 
4.21133e-03 2.82242e-01 3.16963e-03 7.38216e-02 
1.54353e-01 1.25323e-03 7.29098e-02 3.92756e-03 


BASE MATCH FREQUENCIES
2.79093e-01 1.99149e-02 3.26558e-02 2.35355e-02 1.99149e-02 1.04285e-01 1.80940e-02 2.85866e-02 3.26558e-02 1.80940e-02 1.75807e-01 2.47407e-02 2.35355e-02 2.85866e-02 2.47407e-02 1.45761e-01 

BASE PAIR MATCH FREQUENCIES
8.96989e-04 5.67458e-06 8.99635e-06 9.27776e-05 2.94609e-06 2.04352e-07 2.49386e-04 7.88737e-07 1.00517e-05 9.66283e-05 7.89628e-06 3.69885e-05 4.72907e-04 8.85212e-07 2.55111e-04 2.73964e-06 
5.67458e-06 8.91538e-04 4.42537e-06 7.48723e-04 1.18376e-06 3.36643e-06 6.55875e-05 2.39438e-06 9.56549e-06 2.41447e-04 1.13107e-05 1.39883e-04 4.89360e-05 5.98141e-06 2.24016e-05 1.22861e-05 
8.99635e-06 4.42537e-06 1.39187e-03 5.03582e-05 1.79377e-06 2.90593e-07 1.63224e-04 1.17046e-05 2.03813e-05 8.03561e-05 2.97831e-04 4.14728e-05 4.05674e-04 1.12361e-05 6.93736e-05 2.89018e-06 
9.27776e-05 7.48723e-04 5.03582e-05 6.93652e-02 4.71305e-05 3.29409e-04 1.34595e-02 1.08670e-04 1.23103e-04 2.48461e-02 6.32450e-05 5.40164e-03 1.04419e-02 7.32868e-05 2.16075e-03 2.25880e-04 
2.94609e-06 1.18376e-06 1.79377e-06 4.71305e-05 4.65065e-04 1.44960e-06 3.34952e-04 9.53539e-06 9.42321e-06 6.35208e-05 1.51510e-06 2.33180e-05 3.14036e-04 6.57896e-06 4.21908e-05 6.75541e-06 
2.04352e-07 3.36643e-06 2.90593e-07 3.29409e-04 1.44960e-06 3.52429e-04 1.12263e-04 2.69018e-05 8.57736e-07 1.95790e-04 4.95413e-07 1.38114e-05 2.63459e-05 6.06057e-06 9.30855e-06 1.70705e-05 
2.49386e-04 6.55875e-05 1.63224e-04 1.34595e-02 3.34952e-04 1.12263e-04 1.80102e-01 1.57650e-04 2.78094e-04 2.42546e-02 2.24001e-04 4.39485e-03 2.64619e-02 8.18516e-05 9.55457e-03 3.27890e-04 
7.88737e-07 2.39438e-06 1.17046e-05 1.08670e-04 9.53539e-06 2.69018e-05 1.57650e-04 1.17167e-03 3.67412e-05 4.49988e-04 2.34133e-06 1.14027e-04 1.44419e-04 1.16842e-04 2.44595e-05 8.04682e-05 
1.00517e-05 9.56549e-06 2.03813e-05 1.23103e-04 9.42321e-06 8.57736e-07 2.78094e-04 3.67412e-05 2.41021e-03 6.98034e-04 6.77923e-05 6.94223e-05 1.51680e-04 3.58132e-05 2.92940e-05 1.43986e-06 
9.66283e-05 2.41447e-04 8.03561e-05 2.48461e-02 6.35208e-05 1.95790e-04 2.42546e-02 4.49988e-04 6.98034e-04 2.11765e-01 3.18412e-04 1.08342e-02 1.16315e-02 1.58985e-04 4.55405e-03 2.80908e-04 
7.89628e-06 1.13107e-05 2.97831e-04 6.32450e-05 1.51510e-06 4.95413e-07 2.24001e-04 2.34133e-06 6.77923e-05 3.18412e-04 1.84845e-03 1.19375e-04 5.47248e-05 1.13431e-06 2.32446e-04 2.00841e-06 
3.69885e-05 1.39883e-04 4.14728e-05 5.40164e-03 2.33180e-05 1.38114e-05 4.39485e-03 1.14027e-04 6.94223e-05 1.08342e-02 1.19375e-04 4.75419e-02 3.09479e-03 1.11335e-04 1.46899e-03 3.77932e-04 
4.72907e-04 4.89360e-05 4.05674e-04 1.04419e-02 3.14036e-04 2.63459e-05 2.64619e-02 1.44419e-04 1.51680e-04 1.16315e-02 5.47248e-05 3.09479e-03 9.40772e-02 3.05300e-04 6.85477e-03 6.35567e-04 
8.85212e-07 5.98141e-06 1.12361e-05 7.32868e-05 6.57896e-06 6.06057e-06 8.18516e-05 1.16842e-04 3.58132e-05 1.58985e-04 1.13431e-06 1.11335e-04 3.05300e-04 1.62463e-04 1.17449e-04 5.75445e-05 
2.55111e-04 2.24016e-05 6.93736e-05 2.16075e-03 4.21908e-05 9.30855e-06 9.55457e-03 2.44595e-05 2.92940e-05 4.55405e-03 2.32446e-04 1.46899e-03 6.85477e-03 1.17449e-04 4.30310e-02 1.47492e-04 
2.73964e-06 1.22861e-05 2.89018e-06 2.25880e-04 6.75541e-06 1.70705e-05 3.27890e-04 8.04682e-05 1.43986e-06 2.80908e-04 2.00841e-06 3.77932e-04 6.35567e-04 5.75445e-05 1.47492e-04 1.85104e-03 

