RIBOSUM

	A	C	G	U
A	2.32
C	-2.10	1.18
G	-1.74	-2.74	1.10
U	-1.62	-1.16	-2.03	1.77


	AA	AC	AG	AU	CA	CC	CG	CU	GA	GC	GG	GU	UA	UC	UG	UU
AA	-1.91
AC	-9.52	-1.89
AG	-8.43	-10.02	-1.75
AU	-5.20	-2.45	-5.64	4.66
CA	-9.20	-10.31	-11.38	-6.18	-2.24
CC	-11.64	-8.62	-13.39	-6.56	-10.97	-2.69
CG	-5.39	-6.17	-4.67	1.38	-3.33	-5.21	5.45
CU	-11.60	-11.64	-8.21	-5.40	-7.54	-6.31	-4.88	-0.68
GA	-8.17	-9.16	-8.34	-6.56	-7.59	-12.08	-4.31	-6.93	-1.06
GC	-5.44	-3.91	-5.54	2.46	-6.10	-3.95	1.75	-6.24	-4.54	5.66
GG	-9.10	-9.10	-5.16	-6.12	-11.94	-13.01	-4.57	-12.46	-6.80	-3.93	-1.94
GU	-6.96	-5.71	-7.39	0.45	-7.54	-7.77	-0.58	-6.18	-7.11	1.06	-6.34	3.51
UA	-4.27	-5.90	-7.03	1.28	-3.22	-6.90	2.51	-4.85	-5.45	1.17	-6.45	-0.94	5.09
UC	-10.76	-9.71	-7.94	-5.61	-7.86	-8.49	-5.83	-3.58	-6.02	-4.57	-11.90	-5.65	-2.98	-3.10
UG	-6.24	-7.49	-6.37	-0.94	-5.77	-8.86	1.20	-7.80	-7.54	-0.33	-4.79	-2.32	0.81	-6.59	3.37
UU	-8.93	-7.94	-11.17	-3.23	-8.62	-5.86	-4.02	-5.21	-11.73	-4.38	-11.62	-4.59	-3.52	-5.59	-4.76	0.07


BASE FREQUENCIES
2.52660e-01 2.24589e-01 3.02755e-01 2.19996e-01 

BASE PAIR FREQUENCIES
2.01988e-03 1.94522e-03 2.72059e-03 1.26192e-01 
1.73513e-03 9.38284e-04 2.65076e-01 2.24409e-03 
4.05958e-03 2.87128e-01 3.47258e-03 7.23015e-02 
1.51768e-01 1.36665e-03 7.32528e-02 3.77970e-03 


BASE MATCH FREQUENCIES
3.18790e-01 1.32773e-02 2.29171e-02 1.80350e-02 1.32773e-02 1.14199e-01 1.02114e-02 2.20896e-02 2.29171e-02 1.02114e-02 1.95928e-01 1.63063e-02 1.80350e-02 2.20896e-02 1.63063e-02 1.65409e-01 

BASE PAIR MATCH FREQUENCIES
1.08573e-03 4.94950e-06 1.42008e-05 9.67809e-05 6.14871e-06 1.00553e-06 1.03256e-04 1.01511e-06 1.69267e-05 9.99886e-05 1.06333e-05 3.41330e-05 1.84472e-04 1.82246e-06 5.62793e-05 6.33354e-06 
4.94950e-06 8.69601e-04 4.17644e-06 5.76762e-04 2.53663e-06 7.29605e-06 5.37405e-05 8.79894e-07 7.59119e-06 2.56116e-04 9.49898e-06 7.22116e-05 5.28940e-05 3.34293e-06 2.10701e-05 1.12153e-05 
1.42008e-05 4.17644e-06 1.74490e-03 8.53367e-05 1.62568e-06 3.59470e-07 2.04799e-04 1.28036e-05 1.80308e-05 1.11521e-04 1.96759e-04 3.04601e-05 3.24575e-05 1.53470e-05 6.16756e-05 1.60629e-06 
9.67809e-05 5.76762e-04 8.53367e-05 7.80288e-02 4.35537e-05 2.96674e-05 9.82222e-03 6.51811e-05 4.49419e-05 2.07780e-02 7.33236e-05 5.06229e-03 7.49769e-03 5.63482e-05 1.92728e-03 2.86904e-04 
6.14871e-06 2.53663e-06 1.62568e-06 4.35537e-05 6.81087e-04 1.43106e-06 3.84167e-04 1.51118e-05 2.25994e-05 5.64055e-05 1.32028e-06 2.03588e-05 3.37997e-04 1.20884e-05 6.91018e-05 6.96676e-06 
1.00553e-06 7.29605e-06 3.59470e-07 2.96674e-05 1.43106e-06 3.93377e-04 9.25931e-05 3.15021e-05 8.89250e-07 2.21448e-04 5.58698e-07 1.54303e-05 2.35144e-05 6.95167e-06 7.24283e-06 4.19063e-05 
1.03256e-04 5.37405e-05 2.04799e-04 9.82222e-03 3.84167e-04 9.25931e-05 2.02526e-01 1.14096e-04 2.61490e-04 1.55968e-02 2.62666e-04 3.03569e-03 2.14971e-02 5.91464e-05 1.04334e-02 2.02545e-04 
1.01511e-06 8.79894e-07 1.28036e-05 6.51811e-05 1.51118e-05 3.15021e-05 1.14096e-04 1.52682e-03 3.09123e-05 4.43880e-05 8.04525e-07 4.54135e-05 9.55405e-05 2.03801e-04 1.47612e-05 6.47969e-05 
1.69267e-05 7.59119e-06 1.80308e-05 4.49419e-05 2.25994e-05 8.89250e-07 2.61490e-04 3.09123e-05 2.81525e-03 2.23224e-04 6.27162e-05 3.69202e-05 9.71942e-05 5.82110e-05 2.74155e-05 1.08874e-06 
9.99886e-05 2.56116e-04 1.11521e-04 2.07780e-02 5.64055e-05 2.21448e-04 1.55968e-02 4.43880e-05 2.23224e-04 2.34091e-01 4.07625e-04 9.46564e-03 8.50266e-03 1.41351e-04 3.59149e-03 1.58556e-04 
1.06333e-05 9.49898e-06 1.96759e-04 7.33236e-05 1.32028e-06 5.58698e-07 2.62666e-04 8.04525e-07 6.27162e-05 4.07625e-04 2.18676e-03 7.53431e-05 5.83365e-05 1.18754e-06 2.21162e-04 1.40707e-06 
3.41330e-05 7.22116e-05 3.04601e-05 5.06229e-03 2.03588e-05 1.54303e-05 3.03569e-03 4.54135e-05 3.69202e-05 9.46564e-03 7.53431e-05 5.04727e-02 1.92852e-03 6.56560e-05 8.87817e-04 1.34299e-04 
1.84472e-04 5.28940e-05 3.24575e-05 7.49769e-03 3.37997e-04 2.35144e-05 2.14971e-02 9.55405e-05 9.71942e-05 8.50266e-03 5.83365e-05 1.92852e-03 1.05096e-01 3.48839e-04 6.46863e-03 2.33785e-04 
1.82246e-06 3.34293e-06 1.53470e-05 5.63482e-05 1.20884e-05 6.95167e-06 5.91464e-05 2.03801e-04 5.82110e-05 1.41351e-04 1.18754e-06 6.56560e-05 3.48839e-04 2.84561e-04 3.42409e-05 4.95508e-05 
5.62793e-05 2.10701e-05 6.16756e-05 1.92728e-03 6.91018e-05 7.24283e-06 1.04334e-02 1.47612e-05 2.74155e-05 3.59149e-03 2.21162e-04 8.87817e-04 6.46863e-03 3.42409e-05 4.59156e-02 1.19286e-04 
6.33354e-06 1.12153e-05 1.60629e-06 2.86904e-04 6.96676e-06 4.19063e-05 2.02545e-04 6.47969e-05 1.08874e-06 1.58556e-04 1.40707e-06 1.34299e-04 2.33785e-04 4.95508e-05 1.19286e-04 2.45740e-03 

