RIBOSUM

	A	C	G	U
A	1.53
C	-0.74	0.88
G	-0.55	-1.10	0.77
U	-0.61	-0.43	-0.84	0.99


	AA	AC	AG	AU	CA	CC	CG	CU	GA	GC	GG	GU	UA	UC	UG	UU
AA	-3.70
AC	-10.53	-1.52
AG	-9.98	-10.13	-2.64
AU	-5.61	-2.55	-3.44	4.02
CA	-11.29	-12.15	-11.61	-6.03	-3.83
CC	-13.51	-10.04	-12.94	-3.10	-11.77	-3.60
CG	-4.27	-5.69	-3.03	1.92	-3.86	-5.13	5.56
CU	-12.73	-10.89	-9.29	-5.22	-9.40	-7.54	-4.49	-2.32
GA	-9.98	-9.23	-9.16	-4.21	-9.52	-12.92	-4.64	-7.75	-1.78
GC	-5.90	-2.79	-2.93	3.10	-6.23	-3.87	2.80	-2.73	-2.00	5.78
GG	-10.31	-9.56	-4.38	-5.91	-12.51	-12.89	-4.95	-10.54	-7.46	-3.16	-2.76
GU	-7.26	-5.18	-6.44	0.60	-7.84	-8.25	0.30	-2.48	-6.50	1.60	-4.98	2.91
UA	-2.72	-6.21	-2.80	1.76	-2.91	-6.81	3.22	-4.75	-4.54	1.86	-6.60	-0.07	4.52
UC	-12.99	-9.68	-9.25	-5.65	-9.86	-9.64	-5.54	-5.58	-7.81	-4.40	-12.05	-5.52	-3.52	-5.07
UG	-4.36	-3.04	-3.51	-0.96	-7.29	-8.88	1.23	-7.68	-8.22	-0.07	-5.10	-1.48	0.62	-3.24	3.03
UU	-11.41	-8.60	-10.34	-4.44	-9.82	-8.41	-4.01	-6.39	-10.82	-3.93	-11.22	-3.06	-1.99	-6.81	-3.14	-0.94


BASE FREQUENCIES
2.67949e-01 2.08044e-01 2.80223e-01 2.43784e-01 

BASE PAIR FREQUENCIES
2.71630e-03 2.36725e-03 3.58500e-03 1.53458e-01 
1.56444e-03 9.10312e-04 2.37626e-01 2.82482e-03 
3.99803e-03 2.60856e-01 2.88640e-03 7.45279e-02 
1.71417e-01 1.67688e-03 7.50831e-02 4.50338e-03 


BASE MATCH FREQUENCIES
2.07518e-01 3.34450e-02 5.13665e-02 4.27989e-02 3.34450e-02 7.95415e-02 2.72308e-02 3.75245e-02 5.13665e-02 2.72308e-02 1.33721e-01 3.81641e-02 4.27989e-02 3.75245e-02 3.81641e-02 1.18160e-01 

BASE PAIR MATCH FREQUENCIES
3.95874e-04 2.71225e-06 5.32013e-06 9.59059e-05 1.60106e-06 2.65838e-07 2.16422e-04 5.36183e-07 5.32792e-06 7.02896e-05 4.45614e-06 3.20107e-05 7.13680e-04 4.49026e-07 2.39294e-04 1.57202e-06 
2.71225e-06 1.08694e-03 3.74400e-06 6.20098e-04 6.82173e-07 2.29095e-06 6.29779e-05 1.48784e-06 6.98261e-06 4.71219e-04 5.79140e-06 1.04686e-04 4.92723e-05 3.44800e-06 4.63265e-04 8.55235e-06 
5.32013e-06 3.74400e-06 9.06208e-04 4.52590e-04 1.33798e-06 4.13028e-07 5.36216e-04 6.08129e-06 9.82735e-06 5.73144e-04 2.82202e-04 5.92047e-05 7.05853e-04 6.26129e-06 4.49260e-04 3.45251e-06 
9.59059e-05 6.20098e-04 4.52590e-04 6.91866e-02 5.55455e-05 3.30181e-04 1.44528e-02 8.90529e-05 2.65758e-04 3.26082e-02 8.50773e-05 6.76131e-03 1.44679e-02 6.60911e-05 2.29590e-03 1.79250e-04 
1.60106e-06 6.82173e-07 1.33798e-06 5.55455e-05 2.18737e-04 6.90297e-07 2.24205e-04 4.19281e-06 5.70785e-06 4.34366e-05 7.47985e-07 1.66506e-05 4.84452e-04 3.03791e-06 2.43992e-05 3.67096e-06 
2.65838e-07 2.29095e-06 4.13028e-07 3.30181e-04 6.90297e-07 1.54711e-04 7.20699e-05 1.18347e-05 4.20541e-07 1.72189e-04 4.47926e-07 9.70767e-06 2.51241e-05 2.74685e-06 6.28695e-06 7.58140e-06 
2.16422e-04 6.29779e-05 5.36216e-04 1.44528e-02 2.24205e-04 7.20699e-05 1.59823e-01 1.31340e-04 1.75855e-04 2.37081e-02 1.48509e-04 4.90042e-03 3.55951e-02 6.36207e-05 9.32126e-03 2.15068e-04 
5.36183e-07 1.48784e-06 6.08129e-06 8.90529e-05 4.19281e-06 1.18347e-05 1.31340e-04 5.15411e-04 1.77086e-05 4.44552e-04 2.66593e-06 6.19979e-04 1.23196e-04 5.36330e-05 1.68486e-05 3.59753e-05 
5.32792e-06 6.98261e-06 9.82735e-06 2.65758e-04 5.70785e-06 4.20541e-07 1.75855e-04 1.77086e-05 1.63894e-03 1.09787e-03 3.35749e-05 5.68383e-05 2.11246e-04 1.69814e-05 1.72131e-05 2.47449e-06 
7.02896e-05 4.71219e-04 5.73144e-04 3.26082e-02 4.34366e-05 1.72189e-04 2.37081e-02 4.44552e-04 1.09787e-03 1.87267e-01 5.12240e-04 1.21095e-02 1.38421e-02 1.39691e-04 3.79418e-03 2.27917e-04 
4.45614e-06 5.79140e-06 2.82202e-04 8.50773e-05 7.47985e-07 4.47926e-07 1.48509e-04 2.66593e-06 3.35749e-05 5.12240e-04 9.09347e-04 1.70314e-04 5.28467e-05 9.38432e-07 1.55982e-04 1.95543e-06 
3.20107e-05 1.04686e-04 5.92047e-05 6.76131e-03 1.66506e-05 9.70767e-06 4.90042e-03 6.19979e-04 5.68383e-05 1.21095e-02 1.70314e-04 3.50671e-02 4.24951e-03 7.55002e-05 1.67822e-03 4.86756e-04 
7.13680e-04 4.92723e-05 7.05853e-04 1.44679e-02 4.84452e-04 2.51241e-05 3.55951e-02 1.23196e-04 2.11246e-04 1.38421e-02 5.28467e-05 4.24951e-03 9.76897e-02 2.89162e-04 6.87807e-03 9.76540e-04 
4.49026e-07 3.44800e-06 6.26129e-06 6.60911e-05 3.03791e-06 2.74685e-06 6.36207e-05 5.36330e-05 1.69814e-05 1.39691e-04 9.38432e-07 7.55002e-05 2.89162e-04 7.63731e-05 3.67423e-04 2.68464e-05 
2.39294e-04 4.63265e-04 4.49260e-04 2.29590e-03 2.43992e-05 6.28695e-06 9.32126e-03 1.68486e-05 1.72131e-05 3.79418e-03 1.55982e-04 1.67822e-03 6.87807e-03 3.67423e-04 3.81028e-02 4.59355e-04 
1.57202e-06 8.55235e-06 3.45251e-06 1.79250e-04 3.67096e-06 7.58140e-06 2.15068e-04 3.59753e-05 2.47449e-06 2.27917e-04 1.95543e-06 4.86756e-04 9.76540e-04 2.68464e-05 4.59355e-04 1.83779e-03 

