RIBOSUM

	A	C	G	U
A	2.36
C	-2.38	1.28
G	-2.01	-2.98	1.16
U	-2.00	-1.22	-2.31	1.83


	AA	AC	AG	AU	CA	CC	CG	CU	GA	GC	GG	GU	UA	UC	UG	UU
AA	-1.37
AC	-9.54	-1.74
AG	-8.93	-10.05	-1.65
AU	-5.62	-2.96	-6.51	4.78
CA	-10.17	-11.46	-11.22	-6.72	-1.99
CC	-14.07	-9.52	-13.52	-7.35	-10.56	-1.99
CG	-5.79	-6.31	-5.06	1.24	-3.68	-5.21	5.51
CU	-11.35	-11.77	-7.79	-6.27	-7.93	-7.08	-4.95	-0.50
GA	-9.34	-8.33	-8.64	-7.24	-8.72	-11.93	-4.04	-6.07	-0.86
GC	-5.44	-4.09	-6.52	2.26	-6.10	-4.54	1.61	-7.17	-4.36	5.69
GG	-10.13	-9.00	-5.56	-7.12	-12.29	-13.61	-4.54	-12.62	-6.68	-4.35	-2.00
GU	-7.28	-5.98	-7.40	0.13	-8.43	-8.46	-0.89	-6.93	-7.05	0.91	-6.21	3.61
UA	-4.90	-6.55	-6.71	1.10	-3.66	-7.43	2.35	-4.38	-5.22	1.00	-6.99	-1.33	5.15
UC	-11.84	-8.82	-8.16	-6.46	-8.61	-8.93	-6.03	-4.40	-6.37	-4.89	-12.43	-5.23	-2.85	-3.46
UG	-6.79	-7.98	-5.85	-1.17	-6.44	-9.23	0.96	-8.45	-7.77	-0.45	-4.82	-2.42	0.68	-7.12	3.44
UU	-9.98	-8.21	-10.31	-3.85	-8.15	-7.41	-3.99	-4.60	-11.94	-4.25	-11.41	-5.07	-4.02	-4.65	-5.01	0.06


BASE FREQUENCIES
2.50905e-01 2.24548e-01 3.00681e-01 2.23866e-01 

BASE PAIR FREQUENCIES
2.24391e-03 1.79694e-03 2.56095e-03 1.28583e-01 
1.63486e-03 1.03721e-03 2.63443e-01 2.40482e-03 
4.32033e-03 2.83941e-01 3.15811e-03 7.40727e-02 
1.52605e-01 1.23529e-03 7.31425e-02 3.82010e-03 


BASE MATCH FREQUENCIES
3.22695e-01 1.08075e-02 1.87447e-02 1.40198e-02 1.08075e-02 1.22259e-01 8.54519e-03 2.15470e-02 1.87447e-02 8.54519e-03 2.02216e-01 1.36151e-02 1.40198e-02 2.15470e-02 1.36151e-02 1.78272e-01 

BASE PAIR MATCH FREQUENCIES
1.53698e-03 4.74906e-06 9.75851e-06 7.20911e-05 3.07509e-06 1.83984e-07 7.66908e-05 1.21209e-06 7.31651e-06 9.77894e-05 5.08605e-06 2.72645e-05 1.18068e-04 8.62092e-07 3.82468e-05 3.12183e-06 
4.74906e-06 9.47760e-04 4.00221e-06 4.06865e-04 1.12544e-06 3.86635e-06 4.78906e-05 8.10221e-07 1.32511e-05 2.22830e-04 9.97708e-06 6.01104e-05 3.36656e-05 6.27045e-06 1.50456e-05 9.50880e-06 
9.75851e-06 4.00221e-06 1.80732e-03 4.64328e-05 1.77889e-06 3.23628e-07 1.52308e-04 1.71796e-05 1.43002e-05 5.55601e-05 1.44890e-04 3.01052e-05 4.06160e-05 1.32786e-05 8.81482e-05 2.98290e-06 
7.20911e-05 4.06865e-04 4.64328e-05 8.65186e-02 2.99396e-05 1.73463e-05 8.94201e-03 3.67048e-05 2.80180e-05 1.82265e-02 3.65641e-05 4.13100e-03 6.77161e-03 3.21505e-05 1.67558e-03 1.95189e-04 
3.07509e-06 1.12544e-06 1.77889e-06 2.99396e-05 7.99590e-04 1.88041e-06 2.95953e-04 1.16258e-05 1.00450e-05 5.53179e-05 1.01372e-06 1.09961e-05 2.51167e-04 7.24415e-06 4.38007e-05 9.96166e-06 
1.83984e-07 3.86635e-06 3.23628e-07 1.73463e-05 1.88041e-06 6.39441e-04 9.16732e-05 1.87367e-05 9.75177e-07 1.46446e-04 3.64341e-07 9.60883e-06 1.64553e-05 5.18697e-06 5.67110e-06 1.48326e-05 
7.66908e-05 4.78906e-05 1.52308e-04 8.94201e-03 2.95953e-04 9.16732e-05 2.07675e-01 1.09780e-04 3.10707e-04 1.39074e-02 2.61889e-04 2.44886e-03 1.93767e-02 5.19148e-05 8.83207e-03 2.13487e-04 
1.21209e-06 8.10221e-07 1.71796e-05 3.67048e-05 1.16258e-05 1.87367e-05 1.09780e-04 1.78975e-03 5.65803e-05 2.35595e-05 7.21222e-07 2.76907e-05 1.35951e-04 1.19422e-04 9.64539e-06 1.03693e-04 
7.31651e-06 1.32511e-05 1.43002e-05 2.80180e-05 1.00450e-05 9.75177e-07 3.10707e-04 5.65803e-05 3.14466e-03 2.47709e-04 6.63212e-05 3.83656e-05 1.14067e-04 4.57379e-05 2.32341e-05 9.62433e-07 
9.77894e-05 2.22830e-04 5.55601e-05 1.82265e-02 5.53179e-05 1.46446e-04 1.39074e-02 2.35595e-05 2.47709e-04 2.35385e-01 2.98812e-04 8.55316e-03 7.58117e-03 1.14333e-04 3.32370e-03 1.77587e-04 
5.08605e-06 9.97708e-06 1.44890e-04 3.65641e-05 1.01372e-06 3.64341e-07 2.61889e-04 7.21222e-07 6.63212e-05 2.98812e-04 2.03864e-03 8.23904e-05 3.98911e-05 8.23746e-07 2.15179e-04 1.65968e-06 
2.72645e-05 6.01104e-05 3.01052e-05 4.13100e-03 1.09961e-05 9.60883e-06 2.44886e-03 2.76907e-05 3.83656e-05 8.55316e-03 8.23904e-05 5.53612e-02 1.50531e-03 9.01361e-05 8.49357e-04 1.00469e-04 
1.18068e-04 3.36656e-05 4.06160e-05 6.77161e-03 2.51167e-04 1.64553e-05 1.93767e-02 1.35951e-04 1.14067e-04 7.58117e-03 3.98911e-05 1.50531e-03 1.11754e-01 3.90353e-04 6.05722e-03 1.73246e-04 
8.62092e-07 6.27045e-06 1.32786e-05 3.21505e-05 7.24415e-06 5.18697e-06 5.19148e-05 1.19422e-04 4.57379e-05 1.14333e-04 8.23746e-07 9.01361e-05 3.90353e-04 2.30044e-04 2.43888e-05 1.00516e-04 
3.82468e-05 1.50456e-05 8.81482e-05 1.67558e-03 4.38007e-05 5.67110e-06 8.83207e-03 9.64539e-06 2.32341e-05 3.32370e-03 2.15179e-04 8.49357e-04 6.05722e-03 2.43888e-05 4.90525e-02 1.04569e-04 
3.12183e-06 9.50880e-06 2.98290e-06 1.95189e-04 9.96166e-06 1.48326e-05 2.13487e-04 1.03693e-04 9.62433e-07 1.77587e-04 1.65968e-06 1.00469e-04 1.73246e-04 1.00516e-04 1.04569e-04 2.61802e-03 

