RIBOSUM

	A	C	G	U
A	1.73
C	-0.95	0.90
G	-0.70	-1.29	0.83
U	-0.76	-0.50	-0.96	1.11


	AA	AC	AG	AU	CA	CC	CG	CU	GA	GC	GG	GU	UA	UC	UG	UU
AA	-3.04
AC	-7.64	-1.38
AG	-8.27	-10.64	-3.19
AU	-4.31	-1.77	-5.49	3.93
CA	-10.13	-10.95	-10.60	-5.04	-3.14
CC	-11.27	-7.44	-13.04	-2.85	-10.43	-3.68
CG	-3.32	-4.06	-3.36	2.27	-2.67	-3.92	5.28
CU	-11.68	-8.89	-8.17	-3.82	-7.87	-5.28	-3.91	-1.45
GA	-7.72	-10.34	-8.65	-4.31	-7.21	-11.72	-4.35	-7.99	-2.02
GC	-4.42	-3.30	-5.10	3.11	-4.07	-2.74	3.08	-2.17	-2.16	5.59
GG	-9.29	-10.39	-4.43	-4.83	-11.19	-12.04	-4.58	-9.35	-6.47	-3.49	-2.20
GU	-5.01	-3.84	-5.99	0.76	-6.46	-6.60	0.58	-4.22	-5.27	1.65	-5.39	3.04
UA	-2.66	-4.78	-2.97	1.88	-2.95	-5.22	3.16	-4.27	-4.31	2.19	-5.64	0.11	4.35
UC	-9.97	-7.79	-8.62	-4.21	-8.98	-7.96	-4.41	-5.23	-7.56	-3.22	-10.34	-4.70	-3.70	-5.01
UG	-3.70	-6.08	-5.78	-0.49	-5.33	-6.97	1.40	-5.79	-6.51	0.48	-4.76	-1.25	0.98	-4.44	3.01
UU	-8.79	-7.49	-10.21	-2.80	-8.88	-6.13	-2.44	-5.19	-9.75	-2.43	-10.22	-3.15	-1.71	-6.29	-3.61	-1.55


BASE FREQUENCIES
2.64690e-01 2.13277e-01 2.85045e-01 2.36988e-01 

BASE PAIR FREQUENCIES
2.83422e-03 2.92237e-03 2.55940e-03 1.45399e-01 
2.34225e-03 1.26112e-03 2.45063e-01 2.91100e-03 
4.01860e-03 2.69348e-01 3.02803e-03 7.18057e-02 
1.66880e-01 1.39277e-03 7.36536e-02 4.58011e-03 


BASE MATCH FREQUENCIES
2.33094e-01 2.92556e-02 4.64756e-02 3.69347e-02 2.92556e-02 8.47825e-02 2.49393e-02 3.58381e-02 4.64756e-02 2.49393e-02 1.44101e-01 3.47688e-02 3.69347e-02 3.58381e-02 3.47688e-02 1.21598e-01 

BASE PAIR MATCH FREQUENCIES
5.97816e-04 1.98634e-05 1.71729e-05 2.21090e-04 3.52410e-06 1.29204e-06 4.27647e-04 1.08068e-06 2.51365e-05 1.98729e-04 9.10764e-06 1.46795e-04 6.95302e-04 3.53896e-06 3.64262e-04 8.86345e-06 
1.98634e-05 1.22807e-03 2.66918e-06 1.03999e-03 1.61563e-06 1.47580e-05 2.05236e-04 6.02955e-06 3.29703e-06 3.48558e-04 3.42338e-06 2.66710e-04 1.28816e-04 1.28757e-05 5.63679e-05 1.76455e-05 
1.71729e-05 2.66918e-06 6.23022e-04 1.05591e-04 2.75074e-06 4.07632e-07 4.46011e-04 1.32650e-05 1.41843e-05 1.33936e-04 2.84072e-04 8.03035e-05 6.04502e-04 9.66155e-06 9.24593e-05 3.57221e-06 
2.21090e-04 1.03999e-03 1.05591e-04 6.01305e-02 1.07442e-04 3.95555e-04 1.83833e-02 2.24261e-04 2.38931e-04 3.29729e-02 1.79214e-04 7.19833e-03 1.44701e-02 1.71883e-04 3.01409e-03 5.07415e-04 
3.52410e-06 1.61563e-06 2.75074e-06 1.07442e-04 3.60714e-04 1.86169e-06 5.38281e-04 1.22160e-05 2.87063e-05 2.04675e-04 1.95928e-06 4.31737e-05 4.59612e-04 5.65881e-06 9.46872e-05 6.74135e-06 
1.29204e-06 1.47580e-05 4.07632e-07 3.95555e-04 1.86169e-06 1.61091e-04 1.82323e-04 5.92046e-05 1.01977e-06 4.13872e-04 8.75595e-07 3.16509e-05 7.65933e-05 9.20319e-06 2.45923e-05 3.63808e-05 
4.27647e-04 2.05236e-04 4.46011e-04 1.83833e-02 5.38281e-04 1.82323e-04 1.43894e-01 2.04715e-04 2.24663e-04 3.11589e-02 2.07212e-04 6.15354e-03 3.39801e-02 1.44377e-04 1.08280e-02 6.27573e-04 
1.08068e-06 6.02955e-06 1.32650e-05 2.24261e-04 1.22160e-05 5.92046e-05 2.04715e-04 9.32204e-04 1.50080e-05 6.84134e-04 6.30378e-06 1.83620e-04 1.64489e-04 6.79391e-05 6.15872e-05 7.76652e-05 
2.51365e-05 3.29703e-06 1.41843e-05 2.38931e-04 2.87063e-05 1.01977e-06 2.24663e-04 1.50080e-05 1.40796e-03 1.02522e-03 6.92274e-05 1.32119e-04 2.39362e-04 2.02087e-05 5.59954e-05 4.93581e-06 
1.98729e-04 3.48558e-04 1.33936e-04 3.29729e-02 2.04675e-04 4.13872e-04 3.11589e-02 6.84134e-04 1.02522e-03 1.78281e-01 4.38889e-04 1.28936e-02 1.74323e-02 3.30202e-04 5.73036e-03 6.32144e-04 
9.10764e-06 3.42338e-06 2.84072e-04 1.79214e-04 1.95928e-06 8.75595e-07 2.07212e-04 6.30378e-06 6.92274e-05 4.38889e-04 1.43449e-03 1.30946e-04 1.02103e-04 3.17882e-06 2.02031e-04 3.81561e-06 
1.46795e-04 2.66710e-04 8.03035e-05 7.19833e-03 4.31737e-05 3.16509e-05 6.15354e-03 1.83620e-04 1.32119e-04 1.28936e-02 1.30946e-04 3.74996e-02 4.56231e-03 1.31627e-04 1.91586e-03 4.28388e-04 
6.95302e-04 1.28816e-04 6.04502e-04 1.44701e-02 4.59612e-04 7.65933e-05 3.39801e-02 1.64489e-04 2.39362e-04 1.74323e-02 1.02103e-04 4.56231e-03 8.04056e-02 2.44698e-04 8.36576e-03 1.07933e-03 
3.53896e-06 1.28757e-05 9.66155e-06 1.71883e-04 5.65881e-06 9.20319e-06 1.44377e-04 6.79391e-05 2.02087e-05 3.30202e-04 3.17882e-06 1.31627e-04 2.44698e-04 7.95311e-05 1.57047e-04 3.62050e-05 
3.64262e-04 5.63679e-05 9.24593e-05 3.01409e-03 9.46872e-05 2.45923e-05 1.08280e-02 6.15872e-05 5.59954e-05 5.73036e-03 2.02031e-04 1.91586e-03 8.36576e-03 1.57047e-04 3.66766e-02 3.10160e-04 
8.86345e-06 1.76455e-05 3.57221e-06 5.07415e-04 6.74135e-06 3.63808e-05 6.27573e-04 7.76652e-05 4.93581e-06 6.32144e-04 3.81561e-06 4.28388e-04 1.07933e-03 3.62050e-05 3.10160e-04 1.07481e-03 

