RIBOSUM

	A	C	G	U
A	1.99
C	-1.22	0.98
G	-0.95	-1.52	0.90
U	-1.07	-0.67	-1.19	1.35


	AA	AC	AG	AU	CA	CC	CG	CU	GA	GC	GG	GU	UA	UC	UG	UU
AA	-2.53
AC	-9.59	-1.81
AG	-9.36	-10.10	-2.33
AU	-5.31	-1.81	-6.40	4.25
CA	-10.33	-11.58	-10.95	-5.95	-3.08
CC	-13.59	-9.37	-13.62	-2.28	-11.06	-3.10
CG	-3.79	-5.64	-4.76	2.01	-3.48	-4.93	5.27
CU	-12.13	-10.23	-8.61	-4.45	-8.52	-6.84	-4.20	-1.45
GA	-9.17	-9.07	-8.39	-4.68	-9.00	-12.21	-4.35	-6.94	-1.54
GC	-5.55	-3.94	-6.02	2.85	-5.69	-3.86	2.77	-2.11	-2.34	5.53
GG	-9.59	-8.98	-4.07	-6.13	-11.92	-13.12	-4.76	-10.17	-6.89	-4.34	-2.21
GU	-7.00	-4.94	-7.00	0.61	-7.02	-7.69	0.28	-4.36	-6.18	1.38	-5.70	3.27
UA	-2.32	-5.94	-2.75	1.83	-3.39	-6.57	2.96	-4.27	-4.74	1.77	-6.61	0.02	4.71
UC	-12.02	-9.06	-8.49	-4.90	-9.03	-8.95	-5.07	-4.77	-6.97	-4.00	-11.55	-4.71	-3.51	-4.29
UG	-3.39	-7.30	-6.34	-0.79	-6.55	-8.21	1.12	-6.87	-7.46	0.15	-4.49	-1.28	0.84	-4.51	3.16
UU	-10.40	-8.17	-10.68	-3.60	-8.78	-7.53	-3.16	-5.35	-11.46	-3.29	-10.51	-2.76	-1.63	-5.84	-4.43	-0.88


BASE FREQUENCIES
2.53682e-01 2.21783e-01 2.95823e-01 2.28711e-01 

BASE PAIR FREQUENCIES
2.50924e-03 2.16371e-03 2.55374e-03 1.34032e-01 
1.88478e-03 1.15319e-03 2.57862e-01 2.75767e-03 
4.14735e-03 2.79244e-01 3.06524e-03 7.37468e-02 
1.56400e-01 1.29205e-03 7.31384e-02 4.04982e-03 


BASE MATCH FREQUENCIES
2.56105e-01 2.42344e-02 3.88103e-02 2.76910e-02 2.42344e-02 9.72860e-02 2.29239e-02 3.19846e-02 3.88103e-02 2.29239e-02 1.63076e-01 2.95914e-02 2.76910e-02 3.19846e-02 2.95914e-02 1.33061e-01 

BASE PAIR MATCH FREQUENCIES
7.19397e-04 4.68713e-06 7.36530e-06 9.42345e-05 2.81520e-06 2.57329e-07 3.04663e-04 7.27648e-07 8.39964e-06 9.03976e-05 7.32616e-06 3.39910e-05 7.49404e-04 7.88425e-07 4.16238e-04 2.48826e-06 
4.68713e-06 9.01586e-04 3.84609e-06 9.30988e-04 1.03523e-06 4.18441e-06 7.39543e-05 2.37012e-06 7.86929e-06 2.40183e-04 9.76887e-06 1.24412e-04 5.30928e-05 5.34098e-06 2.41454e-05 1.02065e-05 
7.36530e-06 3.84609e-06 1.12310e-03 5.15928e-05 2.13948e-06 2.92257e-07 1.81586e-04 9.71327e-06 1.67367e-05 7.60903e-05 3.90352e-04 3.97585e-05 6.46588e-04 1.05942e-05 6.25236e-05 2.38787e-06 
9.42345e-05 9.30988e-04 5.15928e-05 6.39979e-02 5.27334e-05 5.87944e-04 1.53387e-02 1.34500e-04 1.69493e-04 2.74337e-02 7.22915e-05 5.97679e-03 1.19940e-02 9.85968e-05 2.26247e-03 2.50129e-04 
2.81520e-06 1.03523e-06 2.13948e-06 5.27334e-05 3.73140e-04 1.29573e-06 3.31220e-04 7.77685e-06 8.23446e-06 7.16868e-05 1.26870e-06 2.92479e-05 3.11994e-04 5.45421e-06 4.05354e-05 6.67591e-06 
2.57329e-07 4.18441e-06 2.92257e-07 5.87944e-04 1.29573e-06 2.82618e-04 1.05897e-04 2.18456e-05 7.81517e-07 2.22245e-04 4.84546e-07 1.61276e-05 2.99805e-05 5.04422e-06 1.12652e-05 1.39151e-05 
3.04663e-04 7.39543e-05 1.81586e-04 1.53387e-02 3.31220e-04 1.05897e-04 1.66479e-01 1.81505e-04 2.42077e-04 2.94234e-02 2.12329e-04 5.38248e-03 2.96218e-02 9.89718e-05 9.63869e-03 3.84331e-04 
7.27648e-07 2.37012e-06 9.71327e-06 1.34500e-04 7.77685e-06 2.18456e-05 1.81505e-04 9.42329e-04 3.09580e-05 7.72954e-04 3.84985e-06 1.66958e-04 1.52162e-04 9.42676e-05 2.94017e-05 6.48540e-05 
8.39964e-06 7.86929e-06 1.67367e-05 1.69493e-04 8.23446e-06 7.81517e-07 2.42077e-04 3.09580e-05 1.93261e-03 9.69611e-04 5.54548e-05 6.98407e-05 1.62921e-04 3.03490e-05 2.88037e-05 1.39133e-06 
9.03976e-05 2.40183e-04 7.60903e-05 2.74337e-02 7.16868e-05 2.22245e-04 2.94234e-02 7.72954e-04 9.69611e-04 1.99120e-01 2.83009e-04 1.15335e-02 1.29626e-02 2.08302e-04 4.92265e-03 3.51388e-04 
7.32616e-06 9.76887e-06 3.90352e-04 7.22915e-05 1.26870e-06 4.84546e-07 2.12329e-04 3.84985e-06 5.54548e-05 2.83009e-04 1.65012e-03 1.14107e-04 5.20025e-05 1.48211e-06 2.63392e-04 3.13356e-06 
3.39910e-05 1.24412e-04 3.97585e-05 5.97679e-03 2.92479e-05 1.61276e-05 5.38248e-03 1.66958e-04 6.98407e-05 1.15335e-02 1.14107e-04 4.42359e-02 3.99020e-03 1.31178e-04 1.88769e-03 5.23602e-04 
7.49404e-04 5.30928e-05 6.46588e-04 1.19940e-02 3.11994e-04 2.99805e-05 2.96218e-02 1.52162e-04 1.62921e-04 1.29626e-02 5.20025e-05 3.99020e-03 8.78286e-02 2.58464e-04 7.01268e-03 9.81918e-04 
7.88425e-07 5.34098e-06 1.05942e-05 9.85968e-05 5.45421e-06 5.04422e-06 9.89718e-05 9.42676e-05 3.03490e-05 2.08302e-04 1.48211e-06 1.31178e-04 2.58464e-04 1.31212e-04 1.50942e-04 4.64334e-05 
4.16238e-04 2.41454e-05 6.25236e-05 2.26247e-03 4.05354e-05 1.12652e-05 9.63869e-03 2.94017e-05 2.88037e-05 4.92265e-03 2.63392e-04 1.88769e-03 7.01268e-03 1.50942e-04 4.08329e-02 1.63694e-04 
2.48826e-06 1.02065e-05 2.38787e-06 2.50129e-04 6.67591e-06 1.39151e-05 3.84331e-04 6.48540e-05 1.39133e-06 3.51388e-04 3.13356e-06 5.23602e-04 9.81918e-04 4.64334e-05 1.63694e-04 1.48574e-03 

