RIBOSUM

	A	C	G	U
A	1.96
C	-1.17	0.96
G	-0.90	-1.48	0.88
U	-1.00	-0.65	-1.16	1.31


	AA	AC	AG	AU	CA	CC	CG	CU	GA	GC	GG	GU	UA	UC	UG	UU
AA	-2.81
AC	-9.63	-1.97
AG	-8.84	-10.25	-2.40
AU	-4.97	-1.71	-6.13	4.18
CA	-10.16	-11.04	-10.23	-5.74	-3.26
CC	-13.39	-8.98	-13.30	-2.40	-10.83	-3.37
CG	-3.70	-5.29	-4.48	2.06	-3.22	-4.71	5.27
CU	-11.86	-9.53	-8.64	-4.20	-8.30	-6.66	-4.03	-1.53
GA	-8.88	-9.62	-8.20	-4.67	-8.54	-12.43	-4.32	-7.38	-1.57
GC	-5.33	-3.68	-5.63	2.89	-5.45	-3.63	2.82	-2.10	-2.36	5.55
GG	-9.66	-9.58	-4.43	-5.79	-11.56	-12.63	-4.64	-9.76	-6.97	-4.14	-2.14
GU	-6.61	-4.63	-6.90	0.61	-6.88	-7.43	0.33	-4.25	-6.15	1.41	-5.74	3.24
UA	-2.37	-5.59	-2.81	1.85	-3.19	-6.41	3.00	-4.25	-4.62	1.84	-6.37	0.04	4.66
UC	-11.44	-8.59	-8.33	-4.55	-8.60	-8.48	-4.85	-4.59	-6.99	-3.72	-11.32	-4.63	-3.52	-4.10
UG	-3.50	-6.99	-6.13	-0.74	-6.31	-8.03	1.19	-6.61	-7.23	0.17	-4.32	-1.34	0.87	-4.56	3.13
UU	-10.21	-7.72	-10.60	-3.42	-8.62	-7.10	-3.16	-5.08	-11.32	-3.23	-10.04	-2.93	-1.66	-6.18	-4.22	-0.98


BASE FREQUENCIES
2.55485e-01 2.20870e-01 2.94818e-01 2.28827e-01 

BASE PAIR FREQUENCIES
2.42795e-03 2.27414e-03 2.58732e-03 1.34647e-01 
1.98721e-03 1.14878e-03 2.56059e-01 2.81704e-03 
4.17269e-03 2.79159e-01 3.12655e-03 7.31778e-02 
1.58013e-01 1.38781e-03 7.29430e-02 4.07323e-03 


BASE MATCH FREQUENCIES
2.54185e-01 2.50369e-02 4.02799e-02 2.92682e-02 2.50369e-02 9.50464e-02 2.33416e-02 3.21937e-02 4.02799e-02 2.33416e-02 1.60244e-01 3.01834e-02 2.92682e-02 3.21937e-02 3.01834e-02 1.29917e-01 

BASE PAIR MATCH FREQUENCIES
6.08401e-04 4.63565e-06 1.06924e-05 1.21932e-04 3.20916e-06 2.97230e-07 3.28027e-04 8.88158e-07 1.04414e-05 1.05487e-04 7.01366e-06 4.49836e-05 7.37177e-04 1.18529e-06 3.89778e-04 2.89047e-06 
4.63565e-06 8.13927e-04 3.47911e-06 1.00666e-03 1.51664e-06 5.45269e-06 9.38980e-05 3.85232e-06 5.39043e-06 2.86107e-04 6.39859e-06 1.53976e-04 6.85235e-05 7.40011e-06 3.00503e-05 1.39998e-05 
1.06924e-05 3.47911e-06 1.07300e-03 6.27247e-05 3.54205e-06 3.65442e-07 2.19788e-04 9.53081e-06 1.93179e-05 9.93770e-05 3.04509e-04 4.24963e-05 6.28301e-04 1.18513e-05 7.27623e-05 2.54516e-06 
1.21932e-04 1.00666e-03 6.27247e-05 6.19928e-02 6.17370e-05 5.38929e-04 1.59041e-02 1.60805e-04 1.73133e-04 2.82491e-02 9.17649e-05 6.02936e-03 1.23465e-02 1.25771e-04 2.35943e-03 2.86550e-04 
3.20916e-06 1.51664e-06 3.54205e-06 6.17370e-05 3.31321e-04 1.51319e-06 3.93267e-04 9.06140e-06 1.13970e-05 8.38295e-05 1.61898e-06 3.22333e-05 3.62209e-04 7.35303e-06 4.80539e-05 7.53393e-06 
2.97230e-07 5.45269e-06 3.65442e-07 5.38929e-04 1.51319e-06 2.30737e-04 1.21321e-04 2.43662e-05 6.64853e-07 2.55976e-04 6.67995e-07 1.90406e-05 3.36273e-05 6.90679e-06 1.25773e-05 1.86351e-05 
3.28027e-04 9.38980e-05 2.19788e-04 1.59041e-02 3.93267e-04 1.21321e-04 1.63076e-01 2.01747e-04 2.45583e-04 2.98637e-02 2.26981e-04 5.53390e-03 3.04030e-02 1.13845e-04 1.00004e-02 3.80345e-04 
8.88158e-07 3.85232e-06 9.53081e-06 1.60805e-04 9.06140e-06 2.43662e-05 2.01747e-04 8.82627e-04 2.28148e-05 7.65447e-04 5.06394e-06 1.78617e-04 1.54934e-04 1.06173e-04 3.48372e-05 7.82976e-05 
1.04414e-05 5.39043e-06 1.93179e-05 1.73133e-04 1.13970e-05 6.64853e-07 2.45583e-04 2.28148e-05 1.91335e-03 9.56434e-04 5.22845e-05 7.16416e-05 1.78867e-04 2.98568e-05 3.37780e-05 1.54423e-06 
1.05487e-04 2.86107e-04 9.93770e-05 2.82491e-02 8.38295e-05 2.55976e-04 2.98637e-02 7.65447e-04 9.56434e-04 1.98224e-01 3.22037e-04 1.16611e-02 1.36188e-02 2.50083e-04 4.93471e-03 3.62355e-04 
7.01366e-06 6.39859e-06 3.04509e-04 9.17649e-05 1.61898e-06 6.67995e-07 2.26981e-04 5.06394e-06 5.22845e-05 3.22037e-04 1.71639e-03 1.09698e-04 6.13257e-05 1.71772e-06 2.93189e-04 4.31306e-06 
4.49836e-05 1.53976e-04 4.24963e-05 6.02936e-03 3.22333e-05 1.90406e-05 5.53390e-03 1.78617e-04 7.16416e-05 1.16611e-02 1.09698e-04 4.29870e-02 4.04635e-03 1.37373e-04 1.80374e-03 4.63547e-04 
7.37177e-04 6.85235e-05 6.28301e-04 1.23465e-02 3.62209e-04 3.36273e-05 3.04030e-02 1.54934e-04 1.78867e-04 1.36188e-02 6.13257e-05 4.04635e-03 8.63859e-02 2.58166e-04 7.19967e-03 9.70866e-04 
1.18529e-06 7.40011e-06 1.18513e-05 1.25771e-04 7.35303e-06 6.90679e-06 1.13845e-04 1.06173e-04 2.98568e-05 2.50083e-04 1.71772e-06 1.37373e-04 2.58166e-04 1.48526e-04 1.45046e-04 3.65806e-05 
3.89778e-04 3.00503e-05 7.27623e-05 2.35943e-03 4.80539e-05 1.25773e-05 1.00004e-02 3.48372e-05 3.37780e-05 4.93471e-03 2.93189e-04 1.80374e-03 7.19967e-03 1.45046e-04 3.97828e-02 1.89988e-04 
2.89047e-06 1.39998e-05 2.54516e-06 2.86550e-04 7.53393e-06 1.86351e-05 3.80345e-04 7.82976e-05 1.54423e-06 3.62355e-04 4.31306e-06 4.63547e-04 9.70866e-04 3.65806e-05 1.89988e-04 1.38820e-03 

