RIBOSUM

	A	C	G	U
A	1.53
C	-0.78	0.87
G	-0.56	-1.13	0.80
U	-0.62	-0.41	-0.83	0.94


	AA	AC	AG	AU	CA	CC	CG	CU	GA	GC	GG	GU	UA	UC	UG	UU
AA	-3.54
AC	-6.89	-1.44
AG	-7.69	-11.15	-4.67
AU	-3.76	-1.73	-4.62	3.77
CA	-9.79	-11.07	-10.63	-5.10	-3.45
CC	-10.86	-6.21	-12.82	-3.09	-11.10	-4.02
CG	-3.27	-3.81	-2.47	2.36	-2.43	-3.72	5.33
CU	-11.77	-8.25	-7.20	-3.69	-9.10	-5.20	-3.41	-1.61
GA	-8.47	-9.97	-8.94	-4.00	-6.76	-10.33	-4.40	-7.10	-2.65
GC	-3.62	-3.10	-4.47	3.26	-4.27	-2.42	3.22	-2.32	-1.91	5.65
GG	-10.46	-10.35	-4.48	-4.36	-10.82	-11.93	-4.01	-8.20	-6.09	-3.27	-2.15
GU	-4.24	-3.26	-5.51	0.82	-6.23	-6.31	0.72	-3.94	-5.11	1.81	-5.26	2.89
UA	-2.98	-4.33	-3.07	1.92	-2.90	-4.75	3.28	-3.64	-3.94	2.39	-5.32	0.22	4.19
UC	-10.21	-8.66	-8.79	-4.67	-10.24	-7.90	-4.25	-5.82	-8.04	-3.29	-9.37	-5.04	-3.47	-5.75
UG	-3.65	-5.57	-5.67	-0.45	-5.10	-6.95	1.50	-5.20	-6.74	0.66	-5.01	-1.04	1.00	-4.16	2.90
UU	-10.16	-6.64	-10.77	-3.04	-8.86	-6.66	-2.01	-5.23	-10.89	-2.31	-9.95	-3.22	-1.71	-5.79	-3.19	-2.03


BASE FREQUENCIES
2.72746e-01 2.05666e-01 2.75585e-01 2.46003e-01 

BASE PAIR FREQUENCIES
3.24425e-03 3.15418e-03 2.59580e-03 1.56731e-01 
2.16356e-03 1.23963e-03 2.32096e-01 2.98611e-03 
3.80243e-03 2.57924e-01 2.97924e-03 7.21999e-02 
1.78501e-01 1.42936e-03 7.40573e-02 4.89650e-03 


BASE MATCH FREQUENCIES
2.15211e-01 3.27178e-02 5.10020e-02 4.38069e-02 3.27178e-02 7.74402e-02 2.58374e-02 3.81009e-02 5.10020e-02 2.58374e-02 1.32184e-01 3.80155e-02 4.38069e-02 3.81009e-02 3.80155e-02 1.16204e-01 

BASE PAIR MATCH FREQUENCIES
4.74433e-04 3.51332e-05 2.70092e-05 3.69199e-04 4.70388e-06 1.68803e-06 4.37878e-04 1.07679e-06 1.57231e-05 3.42071e-04 3.99928e-06 2.66382e-04 6.30801e-04 3.17834e-06 4.02165e-04 3.93284e-06 
3.51332e-05 1.16193e-03 1.85656e-06 1.13418e-03 1.46362e-06 3.20842e-05 2.27327e-04 9.34783e-06 4.21635e-06 3.70833e-04 3.25887e-06 3.96756e-04 1.87121e-04 7.02362e-06 8.02259e-05 3.41326e-05 
2.70092e-05 1.85656e-06 2.22028e-04 2.05570e-04 2.66196e-06 4.40255e-07 7.71401e-04 2.58801e-05 1.15279e-05 1.91745e-04 2.56415e-04 1.11568e-04 6.02150e-04 8.58828e-06 9.99429e-05 2.61390e-06 
3.69199e-04 1.13418e-03 2.05570e-04 6.13374e-02 1.09614e-04 3.33106e-04 1.95443e-02 2.62579e-04 3.14959e-04 3.64743e-02 2.47614e-04 8.02828e-03 1.70828e-02 1.33698e-04 3.32780e-03 4.93328e-04 
4.70388e-06 1.46362e-06 2.66196e-06 1.09614e-04 2.88038e-04 1.08234e-06 5.89459e-04 5.18125e-06 3.87865e-05 1.64344e-04 2.35846e-06 5.07849e-05 5.05084e-04 2.34922e-06 1.10738e-04 7.30924e-06 
1.68803e-06 3.20842e-05 4.40255e-07 3.33106e-04 1.08234e-06 1.10606e-04 1.81662e-04 5.81387e-05 2.47631e-06 4.48386e-04 8.23378e-07 3.60706e-05 1.05835e-04 8.96494e-06 2.32278e-05 2.53002e-05 
4.37878e-04 2.27327e-04 7.71401e-04 1.95443e-02 5.89459e-04 1.81662e-04 1.29592e-01 2.68896e-04 2.02407e-04 2.99832e-02 2.67310e-04 6.31746e-03 3.68550e-02 1.50347e-04 1.08905e-02 8.50458e-04 
1.07679e-06 9.34783e-06 2.58801e-05 2.62579e-04 5.18125e-06 5.81387e-05 2.68896e-04 8.38916e-04 2.77216e-05 5.75793e-04 1.30435e-05 2.22872e-04 2.71771e-04 4.53137e-05 9.31595e-05 8.15283e-05 
1.57231e-05 4.21635e-06 1.15279e-05 3.14959e-04 3.87865e-05 2.47631e-06 2.02407e-04 2.77216e-05 8.97377e-04 1.13639e-03 8.38587e-05 1.47751e-04 3.27947e-04 1.44371e-05 4.75984e-05 2.39834e-06 
3.42071e-04 3.70833e-04 1.91745e-04 3.64743e-02 1.64344e-04 4.48386e-04 2.99832e-02 5.75793e-04 1.13639e-03 1.61040e-01 4.47089e-04 1.34525e-02 1.98758e-02 2.93212e-04 6.07340e-03 6.90610e-04 
3.99928e-06 3.25887e-06 2.56415e-04 2.47614e-04 2.35846e-06 8.23378e-07 2.67310e-04 1.30435e-05 8.38587e-05 4.47089e-04 1.30074e-03 1.34236e-04 1.27661e-04 5.81501e-06 1.59667e-04 4.66106e-06 
2.66382e-04 3.96756e-04 1.11568e-04 8.02828e-03 5.07849e-05 3.60706e-05 6.31746e-03 2.22872e-04 1.47751e-04 1.34525e-02 1.34236e-04 3.41338e-02 5.28873e-03 1.04527e-04 2.23717e-03 4.39343e-04 
6.30801e-04 1.87121e-04 6.02150e-04 1.70828e-02 5.05084e-04 1.05835e-04 3.68550e-02 2.71771e-04 3.27947e-04 1.98758e-02 1.27661e-04 5.28873e-03 8.20521e-02 3.06829e-04 9.09329e-03 1.23796e-03 
3.17834e-06 7.02362e-06 8.58828e-06 1.33698e-04 2.34922e-06 8.96494e-06 1.50347e-04 4.53137e-05 1.44371e-05 2.93212e-04 5.81501e-06 1.04527e-04 3.06829e-04 4.75163e-05 1.91381e-04 5.52210e-05 
4.02165e-04 8.02259e-05 9.99429e-05 3.32780e-03 1.10738e-04 2.32278e-05 1.08905e-02 9.31595e-05 4.75984e-05 6.07340e-03 1.59667e-04 2.23717e-03 9.09329e-03 1.91381e-04 3.44231e-02 4.49415e-04 
3.93284e-06 3.41326e-05 2.61390e-06 4.93328e-04 7.30924e-06 2.53002e-05 8.50458e-04 8.15283e-05 2.39834e-06 6.90610e-04 4.66106e-06 4.39343e-04 1.23796e-03 5.52210e-05 4.49415e-04 8.96836e-04 

