RIBOSUM

	A	C	G	U
A	1.91
C	-1.32	1.07
G	-1.00	-1.81	1.00
U	-0.94	-0.63	-1.31	1.31


	AA	AC	AG	AU	CA	CC	CG	CU	GA	GC	GG	GU	UA	UC	UG	UU
AA	-1.87
AC	-5.68	-0.90
AG	-7.45	-10.68	-4.21
AU	-3.41	-2.40	-5.22	4.29
CA	-8.56	-10.97	-9.94	-4.67	-1.98
CC	-9.64	-5.01	-13.43	-4.11	-11.42	-2.80
CG	-3.66	-4.13	-3.88	1.83	-2.33	-3.37	5.47
CU	-11.11	-7.65	-9.54	-4.40	-8.03	-4.26	-3.61	-0.53
GA	-8.67	-10.29	-8.07	-4.55	-8.61	-11.67	-4.74	-8.60	-1.53
GC	-3.82	-3.39	-4.66	2.99	-4.74	-2.35	2.46	-4.55	-3.17	5.73
GG	-10.35	-9.70	-4.33	-4.64	-10.18	-12.16	-4.33	-12.24	-5.56	-3.61	-2.39
GU	-4.22	-3.65	-5.46	0.75	-7.56	-6.93	0.03	-3.91	-5.55	1.66	-5.46	3.12
UA	-2.90	-4.90	-4.59	1.62	-2.61	-4.98	2.94	-4.24	-3.71	1.83	-5.62	-0.57	4.58
UC	-10.46	-7.56	-9.17	-4.92	-9.79	-7.09	-4.62	-4.94	-7.22	-3.36	-8.56	-4.80	-3.49	-4.98
UG	-4.57	-6.93	-5.45	-0.73	-4.65	-7.00	1.31	-5.27	-6.64	0.09	-4.67	-1.94	1.00	-5.89	3.13
UU	-8.95	-5.77	-10.46	-3.17	-8.22	-5.60	-2.43	-4.31	-10.87	-2.45	-9.46	-3.35	-3.34	-4.58	-3.87	-1.18


BASE FREQUENCIES
2.63092e-01 2.13043e-01 2.81645e-01 2.42220e-01 

BASE PAIR FREQUENCIES
3.65645e-03 3.44763e-03 2.23865e-03 1.49607e-01 
2.50805e-03 1.55040e-03 2.40153e-01 3.37120e-03 
3.67234e-03 2.65017e-01 2.92735e-03 7.20350e-02 
1.68998e-01 1.43258e-03 7.46400e-02 4.74567e-03 


BASE MATCH FREQUENCIES
2.59372e-01 2.24133e-02 3.70420e-02 3.31627e-02 2.24133e-02 9.52411e-02 1.71102e-02 3.34273e-02 3.70420e-02 1.71102e-02 1.59158e-01 2.74632e-02 3.31627e-02 3.34273e-02 2.74632e-02 1.44992e-01 

BASE PAIR MATCH FREQUENCIES
1.30874e-03 7.59301e-05 2.93572e-05 4.15972e-04 1.02991e-05 3.93457e-06 3.27694e-04 1.61514e-06 1.25578e-05 2.94833e-04 4.19816e-06 2.53326e-04 5.89217e-04 2.53218e-06 1.98900e-04 8.20279e-06 
7.59301e-05 1.68279e-03 2.52498e-06 6.78722e-04 1.56161e-06 7.91314e-05 1.91523e-04 1.43678e-05 3.30691e-06 3.21114e-04 5.33503e-06 3.04684e-04 1.19330e-04 1.52991e-05 3.13552e-05 6.03871e-05 
2.93572e-05 2.52498e-06 2.95909e-04 1.27042e-04 4.23316e-06 3.05520e-07 3.01975e-04 5.12823e-06 2.04178e-05 1.75465e-04 2.91443e-04 1.15155e-04 1.96358e-04 6.65852e-06 1.15316e-04 3.08304e-06 
4.15972e-04 6.78722e-04 1.27042e-04 7.96554e-02 1.39858e-04 1.67928e-04 1.36349e-02 1.55564e-04 2.01379e-04 3.04744e-02 2.02580e-04 7.32779e-03 1.25019e-02 1.08896e-04 2.62971e-03 4.15993e-04 
1.02991e-05 1.56161e-06 4.23316e-06 1.39858e-04 7.94997e-04 9.27545e-07 6.70132e-04 1.10798e-05 1.06181e-05 1.25560e-04 3.82994e-06 2.03050e-05 5.85980e-04 3.27230e-06 1.52462e-04 1.10137e-05 
3.93457e-06 7.91314e-05 3.05520e-07 1.67928e-04 9.27545e-07 2.95672e-04 2.63517e-04 1.22138e-04 1.03299e-06 5.35901e-04 7.88803e-07 2.53700e-05 9.16210e-05 1.72244e-05 2.42552e-05 5.48798e-05 
3.27694e-04 1.91523e-04 3.01975e-04 1.36349e-02 6.70132e-04 2.63517e-04 1.59365e-01 2.54318e-04 1.66549e-04 1.98324e-02 2.36653e-04 4.17916e-03 2.93337e-02 1.25888e-04 1.01145e-02 6.54397e-04 
1.61514e-06 1.43678e-05 5.12823e-06 1.55564e-04 1.10798e-05 1.22138e-04 2.54318e-04 1.84794e-03 9.88596e-06 1.32536e-04 8.45368e-07 2.34404e-04 1.74559e-04 8.68597e-05 9.10178e-05 1.52588e-04 
1.25578e-05 3.30691e-06 2.04178e-05 2.01379e-04 1.06181e-05 1.03299e-06 1.66549e-04 9.88596e-06 1.90389e-03 4.93674e-04 1.24920e-04 1.08039e-04 3.59705e-04 2.56177e-05 5.06973e-05 2.31600e-06 
2.94833e-04 3.21114e-04 1.75465e-04 3.04744e-02 1.25560e-04 5.35901e-04 1.98324e-02 1.32536e-04 4.93674e-04 1.91548e-01 3.90740e-04 1.29631e-02 1.36338e-02 3.01032e-04 4.36218e-03 6.42340e-04 
4.19816e-06 5.33503e-06 2.91443e-04 2.02580e-04 3.82994e-06 7.88803e-07 2.36653e-04 8.45368e-07 1.24920e-04 3.90740e-04 1.20124e-03 1.23016e-04 1.02748e-04 1.08388e-05 2.12582e-04 6.58814e-06 
2.53326e-04 3.04684e-04 1.15155e-04 7.32779e-03 2.03050e-05 2.53700e-05 4.17916e-03 2.34404e-04 1.08039e-04 1.29631e-02 1.23016e-04 4.03589e-02 2.91980e-03 1.26422e-04 1.21233e-03 3.92378e-04 
5.89217e-04 1.19330e-04 1.96358e-04 1.25019e-02 5.85980e-04 9.16210e-05 2.93337e-02 1.74559e-04 3.59705e-04 1.36338e-02 1.02748e-04 2.91980e-03 9.69797e-02 2.92791e-04 8.67768e-03 3.69465e-04 
2.53218e-06 1.52991e-05 6.65852e-06 1.08896e-04 3.27230e-06 1.72244e-05 1.25888e-04 8.68597e-05 2.56177e-05 3.01032e-04 1.08388e-05 1.26422e-04 2.92791e-04 8.41054e-05 5.95541e-05 1.26724e-04 
1.98900e-04 3.13552e-05 1.15316e-04 2.62971e-03 1.52462e-04 2.42552e-05 1.01145e-02 9.10178e-05 5.06973e-05 4.36218e-03 2.12582e-04 1.21233e-03 8.67768e-03 5.95541e-05 4.06417e-02 2.74152e-04 
8.20279e-06 6.03871e-05 3.08304e-06 4.15993e-04 1.10137e-05 5.48798e-05 6.54397e-04 1.52588e-04 2.31600e-06 6.42340e-04 6.58814e-06 3.92378e-04 3.69465e-04 1.26724e-04 2.74152e-04 1.51987e-03 

