RIBOSUM

	A	C	G	U
A	2.34
C	-2.25	1.23
G	-1.85	-2.90	1.13
U	-1.82	-1.17	-2.15	1.80


	AA	AC	AG	AU	CA	CC	CG	CU	GA	GC	GG	GU	UA	UC	UG	UU
AA	-1.72
AC	-9.68	-1.98
AG	-9.00	-9.67	-1.67
AU	-5.58	-2.60	-6.53	4.66
CA	-10.18	-11.32	-11.26	-6.54	-2.32
CC	-14.17	-9.87	-13.75	-7.14	-10.76	-2.34
CG	-5.59	-6.26	-5.14	1.43	-3.76	-5.23	5.46
CU	-11.67	-11.22	-7.90	-6.09	-7.91	-6.48	-4.92	-0.74
GA	-8.75	-8.51	-7.87	-6.81	-8.73	-11.81	-3.85	-6.26	-0.89
GC	-5.49	-4.07	-6.00	2.45	-6.14	-4.52	1.76	-6.90	-4.31	5.66
GG	-9.57	-8.68	-5.69	-6.66	-11.95	-13.14	-4.60	-12.63	-6.32	-4.19	-1.97
GU	-7.21	-5.91	-7.20	0.24	-8.21	-8.33	-0.66	-6.65	-6.78	1.01	-6.04	3.58
UA	-4.84	-6.28	-6.72	1.35	-3.42	-7.25	2.52	-4.08	-5.32	1.23	-6.67	-1.02	5.09
UC	-11.68	-8.74	-8.07	-6.04	-8.34	-8.92	-5.92	-4.08	-6.31	-4.86	-12.30	-5.40	-2.81	-3.48
UG	-6.76	-7.90	-5.98	-0.92	-6.38	-9.20	1.02	-8.33	-7.62	-0.26	-4.54	-2.29	0.85	-6.91	3.37
UU	-9.98	-8.21	-10.22	-3.95	-8.36	-7.13	-4.02	-4.55	-11.65	-4.25	-11.49	-5.16	-3.86	-4.95	-5.09	0.07


BASE FREQUENCIES
2.52345e-01 2.23918e-01 3.01965e-01 2.21773e-01 

BASE PAIR FREQUENCIES
1.93355e-03 1.78422e-03 2.65539e-03 1.27877e-01 
1.50511e-03 9.02054e-04 2.62787e-01 2.18096e-03 
4.44221e-03 2.84791e-01 3.36341e-03 7.39272e-02 
1.54011e-01 1.25050e-03 7.28940e-02 3.69562e-03 


BASE MATCH FREQUENCIES
3.22297e-01 1.18759e-02 2.11280e-02 1.58532e-02 1.18759e-02 1.17575e-01 9.05166e-03 2.20504e-02 2.11280e-02 9.05166e-03 1.99327e-01 1.50672e-02 1.58532e-02 2.20504e-02 1.50672e-02 1.70749e-01 

BASE PAIR MATCH FREQUENCIES
1.23152e-03 4.38810e-06 9.49878e-06 7.45434e-05 3.11177e-06 1.73720e-07 8.91405e-05 9.69175e-07 1.13076e-05 9.55302e-05 7.61811e-06 2.87098e-05 1.24569e-04 9.64061e-07 3.94011e-05 3.10015e-06 
4.38810e-06 8.11364e-04 5.27594e-06 5.22868e-04 1.25168e-06 3.01823e-06 4.98356e-05 1.17296e-06 1.17946e-05 2.27098e-04 1.25431e-05 6.29989e-05 4.06001e-05 6.55527e-06 1.58334e-05 9.38159e-06 
9.49878e-06 5.27594e-06 1.82199e-03 4.62500e-05 1.75149e-06 2.77425e-07 1.46573e-04 1.58640e-05 2.49033e-05 8.07185e-05 1.34772e-04 3.47120e-05 4.05319e-05 1.40988e-05 8.07675e-05 3.14726e-06 
7.45434e-05 5.22868e-04 4.62500e-05 7.92872e-02 3.40626e-05 1.98408e-05 1.02251e-02 4.06874e-05 3.79638e-05 2.07290e-02 5.03510e-05 4.43869e-03 7.98030e-03 4.21084e-05 1.97453e-03 1.78470e-04 
3.11177e-06 1.25168e-06 1.75149e-06 3.40626e-05 6.37253e-04 1.63318e-06 2.81831e-04 1.17061e-05 1.01318e-05 5.42757e-05 1.29997e-06 1.27598e-05 2.96191e-04 8.66213e-06 4.54260e-05 8.47496e-06 
1.73720e-07 3.01823e-06 2.77425e-07 1.98408e-05 1.63318e-06 4.96097e-04 9.05765e-05 2.78404e-05 1.06510e-06 1.47652e-04 5.05787e-07 1.04304e-05 1.84703e-05 5.14493e-06 5.72836e-06 1.75529e-05 
8.91405e-05 4.98356e-05 1.46573e-04 1.02251e-02 2.81831e-04 9.05765e-05 2.01416e-01 1.10530e-04 3.58418e-04 1.55122e-02 2.53471e-04 2.87068e-03 2.16593e-02 5.52973e-05 9.18524e-03 2.04749e-04 
9.69175e-07 1.17296e-06 1.58640e-05 4.06874e-05 1.17061e-05 2.78404e-05 1.10530e-04 1.47964e-03 4.93905e-05 2.82097e-05 7.13724e-07 3.32004e-05 1.64827e-04 1.46050e-04 1.03061e-05 1.04172e-04 
1.13076e-05 1.17946e-05 2.49033e-05 3.79638e-05 1.01318e-05 1.06510e-06 3.58418e-04 4.93905e-05 3.12684e-03 2.59417e-04 8.72061e-05 4.63811e-05 1.06763e-04 4.77519e-05 2.59332e-05 1.16363e-06 
9.55302e-05 2.27098e-04 8.07185e-05 2.07290e-02 5.42757e-05 1.47652e-04 1.55122e-02 2.82097e-05 2.59417e-04 2.30936e-01 3.37952e-04 9.11958e-03 8.89550e-03 1.15712e-04 3.77076e-03 1.74941e-04 
7.61811e-06 1.25431e-05 1.34772e-04 5.03510e-05 1.29997e-06 5.05787e-07 2.53471e-04 7.13724e-07 8.72061e-05 3.37952e-04 2.11514e-03 9.26614e-05 5.02765e-05 8.98726e-07 2.62295e-04 1.56404e-06 
2.87098e-05 6.29989e-05 3.47120e-05 4.43869e-03 1.27598e-05 1.04304e-05 2.87068e-03 3.32004e-05 4.63811e-05 9.11958e-03 9.26614e-05 5.35813e-02 1.85314e-03 7.90054e-05 9.17535e-04 9.23074e-05 
1.24569e-04 4.06001e-05 4.05319e-05 7.98030e-03 2.96191e-04 1.84703e-05 2.16593e-02 1.64827e-04 1.06763e-04 8.89550e-03 5.02765e-05 1.85314e-03 1.06843e-01 3.95032e-04 6.73246e-03 1.90039e-04 
9.64061e-07 6.55527e-06 1.40988e-05 4.21084e-05 8.66213e-06 5.14493e-06 5.52973e-05 1.46050e-04 4.77519e-05 1.15712e-04 8.98726e-07 7.90054e-05 3.95032e-04 2.21114e-04 2.76284e-05 7.91940e-05 
3.94011e-05 1.58334e-05 8.07675e-05 1.97453e-03 4.54260e-05 5.72836e-06 9.18524e-03 1.03061e-05 2.59332e-05 3.77076e-03 2.62295e-04 9.17535e-04 6.73246e-03 2.76284e-05 4.64586e-02 9.67911e-05 
3.10015e-06 9.38159e-06 3.14726e-06 1.78470e-04 8.47496e-06 1.75529e-05 2.04749e-04 1.04172e-04 1.16363e-06 1.74941e-04 1.56404e-06 9.23074e-05 1.90039e-04 7.91940e-05 9.67911e-05 2.53196e-03 

