RIBOSUM

	A	C	G	U
A	1.41
C	-0.65	0.84
G	-0.48	-1.04	0.78
U	-0.54	-0.35	-0.76	0.82


	AA	AC	AG	AU	CA	CC	CG	CU	GA	GC	GG	GU	UA	UC	UG	UU
AA	-3.69
AC	-5.99	-1.72
AG	-10.37	-11.22	-4.40
AU	-4.41	-1.79	-4.88	3.70
CA	-10.72	-10.98	-11.49	-5.45	-3.40
CC	-9.95	-5.70	-12.61	-3.03	-11.57	-3.92
CG	-3.35	-3.86	-2.25	2.38	-1.92	-4.51	5.41
CU	-11.39	-8.16	-6.56	-3.29	-8.30	-4.58	-3.05	-1.53
GA	-7.68	-9.62	-9.65	-3.67	-6.39	-10.24	-4.51	-6.16	-2.70
GC	-3.68	-3.01	-4.33	3.27	-3.80	-2.56	3.23	-2.30	-1.69	5.71
GG	-11.11	-10.98	-4.66	-4.57	-11.52	-11.73	-4.34	-7.22	-7.62	-3.96	-2.69
GU	-5.48	-3.57	-6.15	0.85	-6.91	-5.85	0.82	-3.75	-5.53	1.87	-4.81	2.85
UA	-3.15	-4.05	-2.90	1.95	-2.94	-4.04	3.37	-3.22	-3.55	2.44	-5.21	0.20	4.11
UC	-11.10	-9.22	-9.46	-4.66	-9.75	-7.00	-4.12	-5.45	-7.66	-2.92	-8.44	-4.93	-3.13	-5.45
UG	-3.56	-5.23	-5.72	-0.43	-5.93	-6.35	1.62	-5.12	-7.61	0.64	-5.00	-1.00	1.01	-3.98	2.86
UU	-9.81	-7.01	-10.35	-3.34	-8.59	-6.49	-1.76	-5.23	-11.01	-2.50	-10.39	-3.05	-1.79	-6.26	-2.98	-1.73


BASE FREQUENCIES
2.76902e-01 2.01981e-01 2.67476e-01 2.53640e-01 

BASE PAIR FREQUENCIES
3.06516e-03 2.94568e-03 2.69838e-03 1.64225e-01 
2.36567e-03 1.26353e-03 2.24046e-01 3.39449e-03 
3.83680e-03 2.49310e-01 2.45385e-03 7.29605e-02 
1.85674e-01 1.68167e-03 7.45664e-02 5.51267e-03 


BASE MATCH FREQUENCIES
2.03258e-01 3.55866e-02 5.32299e-02 4.82404e-02 3.55866e-02 7.31533e-02 2.62113e-02 4.03206e-02 5.32299e-02 2.62113e-02 1.22606e-01 3.99382e-02 4.82404e-02 4.03206e-02 3.99382e-02 1.13928e-01 

BASE PAIR MATCH FREQUENCIES
4.54336e-04 6.76183e-05 4.27888e-06 2.53642e-04 2.54846e-06 3.16509e-06 4.05009e-04 1.46445e-06 2.77495e-05 3.22670e-04 2.48650e-06 1.16558e-04 6.08667e-04 1.78568e-06 4.39622e-04 5.48720e-06 
6.76183e-05 9.47481e-04 1.74115e-06 1.13973e-03 1.55086e-06 4.38592e-05 2.07666e-04 9.98846e-06 5.28104e-06 3.75082e-04 1.98315e-06 3.18488e-04 2.37496e-04 4.81021e-06 1.00813e-04 2.80023e-05 
4.27888e-06 1.74115e-06 2.60227e-04 1.76566e-04 1.43630e-06 4.83612e-07 8.41852e-04 4.02526e-05 6.80589e-06 1.99633e-04 2.09330e-04 7.05905e-05 6.98808e-04 5.36927e-06 9.51805e-05 3.64271e-06 
2.53642e-04 1.13973e-03 1.76566e-04 6.41218e-02 9.00769e-05 3.51220e-04 1.97794e-02 3.68998e-04 4.08181e-04 3.65645e-02 2.11374e-04 8.57871e-03 1.90381e-02 1.42812e-04 3.54401e-03 4.44816e-04 
2.54846e-06 1.55086e-06 1.43630e-06 9.00769e-05 2.97097e-04 7.48078e-07 7.98735e-04 9.06190e-06 4.94047e-05 2.16589e-04 1.35949e-06 3.15290e-05 5.13190e-04 3.33712e-06 6.21976e-05 9.30571e-06 
3.16509e-06 4.38592e-05 4.83612e-07 3.51220e-04 7.48078e-07 1.10285e-04 9.65142e-05 8.74493e-05 2.49045e-06 3.73364e-04 8.61516e-07 4.78718e-05 1.74112e-04 1.63037e-05 3.38829e-05 2.92131e-05 
4.05009e-04 2.07666e-04 8.41852e-04 1.97794e-02 7.98735e-04 9.65142e-05 1.23685e-01 3.33066e-04 1.75833e-04 2.74031e-02 1.90616e-04 6.46794e-03 3.93321e-02 1.59671e-04 1.12901e-02 1.02416e-03 
1.46445e-06 9.98846e-06 4.02526e-05 3.68998e-04 9.06190e-06 8.74493e-05 3.33066e-04 9.06806e-04 5.30105e-05 5.60629e-04 2.45919e-05 2.58949e-04 3.86780e-04 5.99584e-05 9.97999e-05 8.77117e-05 
2.77495e-05 5.28104e-06 6.80589e-06 4.08181e-04 4.94047e-05 2.49045e-06 1.75833e-04 5.30105e-05 8.44780e-04 1.24071e-03 2.69343e-05 1.09047e-04 4.43998e-04 1.87124e-05 2.57056e-05 2.30692e-06 
3.22670e-04 3.75082e-04 1.99633e-04 3.65645e-02 2.16589e-04 3.73364e-04 2.74031e-02 5.60629e-04 1.24071e-03 1.52876e-01 2.47551e-04 1.34351e-02 2.05878e-02 3.64537e-04 5.70985e-03 6.14983e-04 
2.48650e-06 1.98315e-06 2.09330e-04 2.11374e-04 1.35949e-06 8.61516e-07 1.90616e-04 2.45919e-05 2.69343e-05 2.47551e-04 7.92873e-04 1.72714e-04 1.35481e-04 1.05649e-05 1.51444e-04 3.42067e-06 
1.16558e-04 3.18488e-04 7.05905e-05 8.57871e-03 3.15290e-05 4.78718e-05 6.46794e-03 2.58949e-04 1.09047e-04 1.34351e-02 1.72714e-04 3.32598e-02 5.45947e-03 1.13653e-04 2.30804e-03 5.27587e-04 
6.08667e-04 2.37496e-04 6.98808e-04 1.90381e-02 5.13190e-04 1.74112e-04 3.93321e-02 3.86780e-04 4.43998e-04 2.05878e-02 1.35481e-04 5.45947e-03 8.49660e-02 4.11756e-04 9.56585e-03 1.30941e-03 
1.78568e-06 4.81021e-06 5.36927e-06 1.42812e-04 3.33712e-06 1.63037e-05 1.59671e-04 5.99584e-05 1.87124e-05 3.64537e-04 1.05649e-05 1.13653e-04 4.11756e-04 6.00293e-05 2.20451e-04 4.28724e-05 
4.39622e-04 1.00813e-04 9.51805e-05 3.54401e-03 6.21976e-05 3.38829e-05 1.12901e-02 9.97999e-05 2.57056e-05 5.70985e-03 1.51444e-04 2.30804e-03 9.56585e-03 2.20451e-04 3.33899e-02 5.52799e-04 
5.48720e-06 2.80023e-05 3.64271e-06 4.44816e-04 9.30571e-06 2.92131e-05 1.02416e-03 8.77117e-05 2.30692e-06 6.14983e-04 3.42067e-06 5.27587e-04 1.30941e-03 4.28724e-05 5.52799e-04 1.24757e-03 

