RIBOSUM

	A	C	G	U
A	2.20
C	-1.95	1.23
G	-1.63	-2.56	1.13
U	-1.52	-1.00	-1.91	1.66


	AA	AC	AG	AU	CA	CC	CG	CU	GA	GC	GG	GU	UA	UC	UG	UU
AA	-1.48
AC	-9.04	-1.65
AG	-8.56	-9.71	-1.87
AU	-5.14	-2.63	-6.31	4.62
CA	-9.53	-10.07	-11.23	-6.19	-2.00
CC	-12.79	-9.38	-13.47	-6.82	-10.19	-1.95
CG	-5.42	-5.94	-4.89	1.48	-3.17	-5.12	5.53
CU	-11.23	-9.76	-6.83	-5.33	-7.92	-4.58	-4.30	-0.41
GA	-5.87	-8.67	-8.03	-6.60	-6.05	-11.70	-3.98	-6.74	-1.00
GC	-4.49	-3.89	-5.90	2.47	-4.51	-4.11	1.98	-5.90	-4.25	5.74
GG	-9.53	-8.81	-5.42	-6.64	-11.42	-13.06	-4.66	-12.58	-6.40	-4.12	-2.11
GU	-6.88	-5.09	-6.43	0.36	-7.09	-7.01	-0.56	-5.65	-6.60	1.22	-5.83	3.46
UA	-4.15	-6.18	-6.56	1.27	-3.20	-5.23	2.55	-4.13	-5.41	1.28	-6.64	-0.97	4.94
UC	-11.35	-8.30	-8.40	-5.86	-8.63	-8.01	-5.68	-4.30	-6.74	-4.61	-12.21	-5.11	-3.11	-3.66
UG	-6.38	-7.42	-5.77	-0.90	-5.90	-8.59	1.13	-7.35	-7.70	-0.19	-4.72	-2.19	0.77	-6.65	3.32
UU	-9.59	-7.29	-9.85	-3.90	-8.02	-6.57	-3.29	-3.76	-11.03	-3.81	-11.27	-4.21	-3.58	-4.85	-4.77	-0.34


BASE FREQUENCIES
2.56074e-01 2.19515e-01 2.92365e-01 2.32046e-01 

BASE PAIR FREQUENCIES
2.59184e-03 2.14659e-03 2.48543e-03 1.37123e-01 
2.10425e-03 1.20589e-03 2.54141e-01 2.94039e-03 
4.09216e-03 2.76713e-01 2.88512e-03 7.34594e-02 
1.58963e-01 1.33172e-03 7.36278e-02 4.19023e-03 


BASE MATCH FREQUENCIES
3.02304e-01 1.45136e-02 2.41174e-02 2.06956e-02 1.45136e-02 1.12977e-01 1.08681e-02 2.54010e-02 2.41174e-02 1.08681e-02 1.86899e-01 1.80105e-02 2.06956e-02 2.54010e-02 1.80105e-02 1.70607e-01 

BASE PAIR MATCH FREQUENCIES
1.53654e-03 7.01028e-06 1.30096e-05 1.10791e-04 4.98430e-06 4.47689e-07 9.85156e-05 1.39459e-06 8.42285e-05 1.87225e-04 7.59966e-06 3.76478e-05 2.19137e-04 1.27610e-06 5.35821e-05 4.59551e-06 
7.01028e-06 1.00746e-03 5.01540e-06 5.40274e-04 2.93235e-06 4.06172e-06 5.88603e-05 3.29200e-06 1.03345e-05 2.43621e-04 1.07208e-05 1.12301e-04 4.60192e-05 9.06923e-06 2.21991e-05 1.94049e-05 
1.30096e-05 5.01540e-06 1.53046e-03 5.59133e-05 1.75519e-06 3.17668e-07 1.62280e-04 3.36073e-05 2.14163e-05 8.07011e-05 1.49864e-04 5.88077e-05 4.72937e-05 1.13142e-05 9.31387e-05 4.36624e-06 
1.10791e-04 5.40274e-04 5.59133e-05 8.67622e-02 4.56518e-05 2.53193e-05 1.06430e-02 7.51289e-05 4.59698e-05 2.11425e-02 5.07852e-05 5.17025e-03 8.49742e-03 5.20891e-05 2.16086e-03 2.14447e-04 
4.98430e-06 2.93235e-06 1.75519e-06 4.56518e-05 7.91090e-04 2.32453e-06 4.01711e-04 1.18547e-05 6.33675e-05 1.58602e-04 1.75213e-06 2.79244e-05 3.64540e-04 7.20860e-06 6.36463e-05 1.16410e-05 
4.47689e-07 4.06172e-06 3.17668e-07 2.53193e-05 2.32453e-06 6.01662e-04 8.91992e-05 1.02412e-04 1.08437e-06 1.79380e-04 4.81710e-07 2.53247e-05 7.64314e-05 9.53391e-06 8.51057e-06 2.72299e-05 
9.85156e-05 5.88603e-05 1.62280e-04 1.06430e-02 4.01711e-04 8.91992e-05 1.90514e-01 1.66065e-04 3.04977e-04 1.61963e-02 2.16974e-04 2.94331e-03 2.23185e-02 6.36424e-05 9.51985e-03 3.52322e-04 
1.39459e-06 3.29200e-06 3.36073e-05 7.51289e-05 1.18547e-05 1.02412e-04 1.66065e-04 1.94845e-03 3.57926e-05 5.49210e-05 7.10552e-07 6.86938e-05 1.72837e-04 1.31783e-04 2.11876e-05 2.02266e-04 
8.42285e-05 1.03345e-05 2.14163e-05 4.59698e-05 6.33675e-05 1.08437e-06 3.04977e-04 3.57926e-05 2.80562e-03 2.51821e-04 7.55618e-05 5.24403e-05 1.04412e-04 3.56323e-05 2.44059e-05 1.92771e-06 
1.87225e-04 2.43621e-04 8.07011e-05 2.11425e-02 1.58602e-04 1.79380e-04 1.61963e-02 5.49210e-05 2.51821e-04 2.20807e-01 3.15996e-04 1.01091e-02 9.26406e-03 1.34261e-04 3.80413e-03 2.46424e-04 
7.59966e-06 1.07208e-05 1.49864e-04 5.07852e-05 1.75213e-06 4.81710e-07 2.16974e-04 7.10552e-07 7.55618e-05 3.15996e-04 1.68853e-03 1.01822e-04 5.08208e-05 9.21203e-07 2.20351e-04 1.86015e-06 
3.76478e-05 1.12301e-04 5.88077e-05 5.17025e-03 2.79244e-05 2.53247e-05 2.94331e-03 6.86938e-05 5.24403e-05 1.01091e-02 1.01822e-04 5.06510e-02 2.06436e-03 1.00020e-04 1.01152e-03 1.97162e-04 
2.19137e-04 4.60192e-05 4.72937e-05 8.49742e-03 3.64540e-04 7.64314e-05 2.23185e-02 1.72837e-04 1.04412e-04 9.26406e-03 5.08208e-05 2.06436e-03 1.08689e-01 3.50984e-04 6.86371e-03 2.68438e-04 
1.27610e-06 9.06923e-06 1.13142e-05 5.20891e-05 7.20860e-06 9.53391e-06 6.36424e-05 1.31783e-04 3.56323e-05 1.34261e-04 9.21203e-07 1.00020e-04 3.50984e-04 2.04712e-04 3.43758e-05 9.51101e-05 
5.35821e-05 2.21991e-05 9.31387e-05 2.16086e-03 6.36463e-05 8.51057e-06 9.51985e-03 2.11876e-05 2.44059e-05 3.80413e-03 2.20351e-04 1.01152e-03 6.86371e-03 3.43758e-05 4.59989e-02 1.34201e-04 
4.59551e-06 1.94049e-05 4.36624e-06 2.14447e-04 1.16410e-05 2.72299e-05 3.52322e-04 2.02266e-04 1.92771e-06 2.46424e-04 1.86015e-06 1.97162e-04 2.68438e-04 9.51101e-05 1.34201e-04 2.29594e-03 

