RIBOSUM

	A	C	G	U
A	2.34
C	-2.27	1.25
G	-1.90	-2.89	1.14
U	-1.87	-1.21	-2.21	1.81


	AA	AC	AG	AU	CA	CC	CG	CU	GA	GC	GG	GU	UA	UC	UG	UU
AA	-1.63
AC	-9.79	-1.94
AG	-8.76	-10.41	-1.73
AU	-5.31	-2.91	-6.08	4.73
CA	-9.94	-10.72	-10.81	-6.46	-2.16
CC	-13.36	-9.14	-13.16	-7.02	-10.54	-2.22
CG	-5.54	-6.09	-4.83	1.28	-3.49	-5.10	5.50
CU	-11.24	-11.66	-7.74	-5.85	-7.70	-7.05	-4.84	-0.59
GA	-9.11	-9.00	-8.37	-6.79	-8.39	-12.12	-4.00	-6.57	-0.85
GC	-5.44	-3.95	-6.05	2.34	-6.11	-4.41	1.62	-6.75	-4.18	5.69
GG	-10.42	-10.04	-5.52	-6.62	-11.99	-13.24	-4.46	-12.58	-6.96	-4.28	-1.95
GU	-7.15	-5.73	-7.51	0.22	-8.00	-8.06	-0.82	-6.57	-6.80	0.95	-6.29	3.59
UA	-4.56	-6.08	-6.45	1.21	-3.43	-7.26	2.41	-4.60	-5.23	1.07	-6.64	-1.17	5.13
UC	-11.48	-8.39	-7.89	-6.02	-8.04	-8.40	-5.80	-4.08	-6.35	-4.64	-12.01	-5.34	-2.85	-3.28
UG	-6.48	-7.60	-5.60	-1.12	-6.30	-8.98	1.03	-8.16	-7.41	-0.48	-4.75	-2.43	0.74	-6.87	3.41
UU	-9.89	-7.75	-10.41	-3.84	-8.43	-6.77	-3.93	-4.31	-11.78	-4.36	-10.68	-4.99	-3.86	-4.97	-4.85	0.01


BASE FREQUENCIES
2.52312e-01 2.24245e-01 3.01062e-01 2.22382e-01 

BASE PAIR FREQUENCIES
2.06018e-03 1.76370e-03 2.63522e-03 1.28125e-01 
1.66778e-03 9.91087e-04 2.62877e-01 2.33790e-03 
4.43050e-03 2.84760e-01 3.27516e-03 7.34290e-02 
1.53782e-01 1.33052e-03 7.27735e-02 3.76132e-03 


BASE MATCH FREQUENCIES
3.22285e-01 1.17645e-02 2.02945e-02 1.53496e-02 1.17645e-02 1.19623e-01 9.10330e-03 2.15185e-02 2.02945e-02 9.10330e-03 2.00076e-01 1.44946e-02 1.53496e-02 2.15185e-02 1.44946e-02 1.72966e-01 

BASE PAIR MATCH FREQUENCIES
1.31086e-03 4.07277e-06 1.11597e-05 9.03505e-05 3.66899e-06 3.03679e-07 9.26723e-05 1.31111e-06 8.73481e-06 9.89849e-05 4.21772e-06 2.99276e-05 1.51159e-04 1.11444e-06 4.78440e-05 3.31823e-06 
4.07277e-06 8.34284e-04 3.15346e-06 4.23025e-04 1.89158e-06 5.03822e-06 5.60298e-05 8.74389e-07 8.38320e-06 2.46667e-04 4.86571e-06 7.13135e-05 4.70061e-05 8.42298e-06 1.94984e-05 1.30126e-05 
1.11597e-05 3.15346e-06 1.73358e-03 6.29341e-05 2.38577e-06 4.17200e-07 1.80460e-04 1.76649e-05 1.74689e-05 7.72061e-05 1.50116e-04 2.78222e-05 4.87825e-05 1.59670e-05 1.04693e-04 2.76219e-06 
9.03505e-05 4.23025e-04 6.29341e-05 8.35510e-02 3.60185e-05 2.17225e-05 9.21341e-03 4.83637e-05 3.84973e-05 1.92053e-02 5.17473e-05 4.36774e-03 7.28286e-03 4.32411e-05 1.72569e-03 1.93129e-04 
3.66899e-06 1.89158e-06 2.38577e-06 3.60185e-05 7.18751e-04 1.90591e-06 3.39754e-04 1.35970e-05 1.28228e-05 5.52645e-05 1.25838e-06 1.47526e-05 2.93667e-04 1.06947e-05 4.82363e-05 8.13041e-06 
3.03679e-07 5.03822e-06 4.17200e-07 2.17225e-05 1.90591e-06 5.43088e-04 9.87236e-05 1.89705e-05 8.58923e-07 1.60202e-04 4.70937e-07 1.26519e-05 1.84445e-05 7.41423e-06 6.66044e-06 2.27076e-05 
9.26723e-05 5.60298e-05 1.80460e-04 9.21341e-03 3.39754e-04 9.87236e-05 2.05698e-01 1.17866e-04 3.20774e-04 1.40313e-02 2.77383e-04 2.56150e-03 2.01065e-02 6.05907e-05 9.20847e-03 2.18287e-04 
1.31111e-06 8.74389e-07 1.76649e-05 4.83637e-05 1.35970e-05 1.89705e-05 1.17866e-04 1.64784e-03 3.98254e-05 3.13493e-05 7.37362e-07 3.52130e-05 1.15337e-04 1.46834e-04 1.17115e-05 1.24534e-04 
8.73481e-06 8.38320e-06 1.74689e-05 3.84973e-05 1.28228e-05 8.58923e-07 3.20774e-04 3.98254e-05 3.19063e-03 2.82048e-04 5.52338e-05 4.56451e-05 1.13849e-04 4.63391e-05 2.99046e-05 1.06688e-06 
9.89849e-05 2.46667e-04 7.72061e-05 1.92053e-02 5.52645e-05 1.60202e-04 1.40313e-02 3.13493e-05 2.82048e-04 2.35618e-01 3.15546e-04 8.74837e-03 7.93805e-03 1.35267e-04 3.24745e-03 1.62621e-04 
4.21772e-06 4.86571e-06 1.50116e-04 5.17473e-05 1.25838e-06 4.70937e-07 2.77383e-04 7.37362e-07 5.52338e-05 3.15546e-04 2.12056e-03 7.77286e-05 5.10930e-05 1.09680e-06 2.25902e-04 2.72439e-06 
2.99276e-05 7.13135e-05 2.78222e-05 4.36774e-03 1.47526e-05 1.26519e-05 2.56150e-03 3.52130e-05 4.56451e-05 8.74837e-03 7.77286e-05 5.38465e-02 1.66820e-03 8.24752e-05 8.32279e-04 1.04450e-04 
1.51159e-04 4.70061e-05 4.87825e-05 7.28286e-03 2.93667e-04 1.84445e-05 2.01065e-02 1.15337e-04 1.13849e-04 7.93805e-03 5.10930e-05 1.66820e-03 1.10292e-01 3.87714e-04 6.27047e-03 1.91073e-04 
1.11444e-06 8.42298e-06 1.59670e-05 4.32411e-05 1.06947e-05 7.41423e-06 6.05907e-05 1.46834e-04 4.63391e-05 1.35267e-04 1.09680e-06 8.24752e-05 3.87714e-04 2.55977e-04 2.84925e-05 7.88638e-05 
4.78440e-05 1.94984e-05 1.04693e-04 1.72569e-03 4.82363e-05 6.66044e-06 9.20847e-03 1.17115e-05 2.99046e-05 3.24745e-03 2.25902e-04 8.32279e-04 6.27047e-03 2.84925e-05 4.77936e-02 1.15075e-04 
3.31823e-06 1.30126e-05 2.76219e-06 1.93129e-04 8.13041e-06 2.27076e-05 2.18287e-04 1.24534e-04 1.06688e-06 1.62621e-04 2.72439e-06 1.04450e-04 1.91073e-04 7.88638e-05 1.15075e-04 2.46759e-03 

