RIBOSUM

	A	C	G	U
A	1.73
C	-1.08	1.08
G	-0.84	-1.60	1.00
U	-0.82	-0.49	-1.17	1.13


	AA	AC	AG	AU	CA	CC	CG	CU	GA	GC	GG	GU	UA	UC	UG	UU
AA	-2.10
AC	-4.48	-0.96
AG	-9.45	-10.50	-3.50
AU	-3.95	-2.85	-5.27	4.18
CA	-9.58	-9.92	-10.79	-5.40	-1.98
CC	-8.72	-4.41	-12.50	-3.74	-10.83	-2.66
CG	-3.73	-4.25	-3.27	1.80	-1.66	-4.55	5.55
CU	-10.34	-7.00	-5.40	-4.26	-7.16	-3.27	-3.46	-0.27
GA	-6.23	-8.67	-8.51	-4.02	-5.22	-10.00	-5.10	-8.91	-1.42
GC	-3.27	-3.12	-4.28	3.04	-3.69	-2.35	2.25	-3.93	-2.44	5.84
GG	-10.52	-10.19	-4.34	-4.83	-10.57	-11.61	-4.01	-11.49	-6.52	-3.69	-3.43
GU	-5.43	-3.87	-5.41	0.81	-6.60	-5.99	0.10	-3.95	-5.16	1.72	-4.85	3.11
UA	-2.89	-5.41	-5.21	1.64	-2.45	-4.03	3.14	-3.58	-3.64	1.87	-5.27	-0.43	4.41
UC	-10.00	-8.08	-8.51	-4.99	-9.32	-6.14	-4.14	-4.82	-6.79	-2.86	-7.44	-4.55	-3.09	-5.23
UG	-4.98	-6.51	-6.07	-0.59	-5.30	-5.57	1.62	-5.06	-7.63	0.11	-4.69	-1.88	0.99	-5.16	3.13
UU	-8.54	-5.70	-9.78	-3.73	-7.77	-5.19	-1.88	-3.85	-11.03	-2.38	-10.28	-3.17	-3.09	-5.41	-5.19	-0.93


BASE FREQUENCIES
2.69022e-01 2.07146e-01 2.71820e-01 2.52011e-01 

BASE PAIR FREQUENCIES
3.51742e-03 3.18974e-03 2.40136e-03 1.57651e-01 
2.98704e-03 1.60799e-03 2.27650e-01 3.99612e-03 
4.07039e-03 2.53368e-01 2.42833e-03 7.39318e-02 
1.79251e-01 1.76078e-03 7.65626e-02 5.62720e-03 


BASE MATCH FREQUENCIES
2.39512e-01 2.62986e-02 4.07494e-02 3.83131e-02 2.62986e-02 9.05769e-02 1.85611e-02 3.72651e-02 4.07494e-02 1.85611e-02 1.47589e-01 3.04780e-02 3.83131e-02 3.72651e-02 3.04780e-02 1.38992e-01 

BASE PAIR MATCH FREQUENCIES
1.22176e-03 1.80496e-04 7.58101e-06 3.18160e-04 5.26640e-06 7.34331e-06 3.07463e-04 2.91701e-06 7.03489e-05 4.21926e-04 3.65283e-06 1.15034e-04 6.62067e-04 3.68830e-06 1.57369e-04 1.23103e-05 
1.80496e-04 1.59820e-03 2.82350e-06 5.23929e-04 3.21557e-06 1.12294e-04 1.64529e-04 2.27987e-05 9.98668e-06 3.61856e-04 3.52808e-06 2.60837e-04 8.89040e-05 1.07147e-05 4.19895e-05 6.81689e-05 
7.58101e-06 2.82350e-06 4.72520e-04 1.28844e-04 2.30445e-06 5.43125e-07 4.27381e-04 9.03269e-05 1.46482e-05 2.11762e-04 2.66750e-04 1.17887e-04 1.33699e-04 1.04604e-05 7.46286e-05 5.26960e-06 
3.18160e-04 5.23929e-04 1.28844e-04 8.33815e-02 8.91768e-05 2.17774e-04 1.32524e-02 1.84180e-04 3.05648e-04 3.13612e-02 1.76106e-04 8.11820e-03 1.43347e-02 1.11643e-04 3.08572e-03 3.24969e-04 
5.26640e-06 3.21557e-06 2.30445e-06 8.91768e-05 7.88765e-04 1.31148e-06 9.94666e-04 2.03224e-05 1.09000e-04 2.42952e-04 2.70328e-06 3.94667e-05 6.90504e-04 4.56151e-06 9.66338e-05 1.62050e-05 
7.34331e-06 1.12294e-04 5.43125e-07 2.17774e-04 1.31148e-06 2.91093e-04 1.03273e-04 2.33006e-04 3.06875e-06 4.74849e-04 1.01170e-06 4.62743e-05 1.78562e-04 3.17887e-05 6.19908e-05 7.44830e-05 
3.07463e-04 1.64529e-04 4.27381e-04 1.32524e-02 9.94666e-04 1.03273e-04 1.49037e-01 2.67713e-04 1.19962e-04 1.50570e-02 2.58891e-04 4.13594e-03 3.35847e-02 1.66317e-04 1.18734e-02 9.72849e-04 
2.91701e-06 2.27987e-05 9.03269e-05 1.84180e-04 2.03224e-05 2.33006e-04 2.67713e-04 2.26295e-03 7.96209e-06 1.92244e-04 1.33911e-06 2.30953e-04 2.96680e-04 9.61780e-05 1.07511e-04 2.30580e-04 
7.03489e-05 9.98668e-06 1.46482e-05 3.05648e-04 1.09000e-04 3.06875e-06 1.19962e-04 7.96209e-06 2.00312e-03 7.61175e-04 5.88808e-05 1.39656e-04 3.98672e-04 3.45508e-05 2.52050e-05 2.22000e-06 
4.21926e-04 3.61856e-04 2.11762e-04 3.13612e-02 2.42952e-04 4.74849e-04 1.50570e-02 1.92244e-04 7.61175e-04 1.81056e-01 3.23254e-04 1.27097e-02 1.39075e-02 4.03668e-04 4.16678e-03 6.87484e-04 
3.65283e-06 3.52808e-06 2.66750e-04 1.76106e-04 2.70328e-06 1.01170e-06 2.58891e-04 1.33911e-06 5.88808e-05 3.23254e-04 5.05596e-04 1.75004e-04 1.30131e-04 2.22151e-05 1.96208e-04 3.76433e-06 
1.15034e-04 2.60837e-04 1.17887e-04 8.11820e-03 3.94667e-05 4.62743e-05 4.13594e-03 2.30953e-04 1.39656e-04 1.27097e-02 1.75004e-04 4.06408e-02 3.44434e-03 1.53061e-04 1.27236e-03 4.84030e-04 
6.62067e-04 8.89040e-05 1.33699e-04 1.43347e-02 6.90504e-04 1.78562e-04 3.35847e-02 2.96680e-04 3.98672e-04 1.39075e-02 1.30131e-04 3.44434e-03 9.76997e-02 4.16983e-04 9.19470e-03 5.05876e-04 
3.68830e-06 1.07147e-05 1.04604e-05 1.11643e-04 4.56151e-06 3.17887e-05 1.66317e-04 9.61780e-05 3.45508e-05 4.03668e-04 2.22151e-05 1.53061e-04 4.16983e-04 7.25491e-05 9.96916e-05 7.81826e-05 
1.57369e-04 4.19895e-05 7.46286e-05 3.08572e-03 9.66338e-05 6.19908e-05 1.18734e-02 1.07511e-04 2.52050e-05 4.16678e-03 1.96208e-04 1.27236e-03 9.19470e-03 9.96916e-05 4.09742e-02 1.19344e-04 
1.23103e-05 6.81689e-05 5.26960e-06 3.24969e-04 1.62050e-05 7.44830e-05 9.72849e-04 2.30580e-04 2.22000e-06 6.87484e-04 3.76433e-06 4.84030e-04 5.05876e-04 7.81826e-05 1.19344e-04 2.11611e-03 

