RIBOSUM

	A	C	G	U
A	2.49
C	-5.47	1.67
G	-5.00	-5.84	1.41
U	-4.87	-3.84	-5.39	2.10


	AA	AC	AG	AU	CA	CC	CG	CU	GA	GC	GG	GU	UA	UC	UG	UU
AA	-0.88
AC	-9.48	-0.81
AG	-8.51	-10.15	-1.22
AU	-6.83	-5.40	-7.91	5.28
CA	-8.60	-10.62	-13.39	-9.54	-1.04
CC	-20.43	-8.96	-16.47	-10.70	-9.77	-1.26
CG	-9.10	-9.86	-6.17	-3.26	-4.81	-5.75	5.89
CU	-13.48	-15.56	-13.16	-6.32	-10.20	-8.60	-6.34	-0.02
GA	-9.37	-14.55	-9.89	-10.78	-9.71	-16.34	-10.84	-inf	-0.47
GC	-8.92	-4.86	-10.58	-1.42	-9.78	-5.62	-3.02	-9.93	-6.90	6.02
GG	-12.97	-11.61	-9.35	-10.31	-12.39	-14.42	-6.70	-14.68	-9.92	-5.88	-1.43
GU	-9.59	-8.17	-10.45	-2.01	-11.09	-11.05	-4.80	-6.96	-8.03	-1.47	-7.59	3.93
UA	-6.98	-10.44	-11.16	-3.13	-4.81	-10.54	-1.33	-10.09	-7.43	-3.64	-10.85	-5.40	5.51
UC	-11.83	-8.99	-14.68	-10.25	-12.72	-8.22	-8.94	-8.57	-15.45	-6.11	-14.10	-8.62	-6.64	-1.16
UG	-9.55	-11.27	-8.24	-5.22	-8.22	-11.06	-1.37	-10.73	-11.40	-5.01	-7.62	-6.22	-2.02	-7.26	3.91
UU	-13.95	-11.34	-14.40	-5.88	-10.96	-10.91	-7.99	-7.96	-15.71	-8.31	-13.59	-6.42	-5.73	-6.34	-6.64	0.41


BASE FREQUENCIES
2.54933e-01 2.21035e-01 2.94625e-01 2.29407e-01 

BASE PAIR FREQUENCIES
2.44873e-03 2.08359e-03 2.62436e-03 1.36221e-01 
1.88813e-03 1.18382e-03 2.55858e-01 2.68267e-03 
4.20950e-03 2.78298e-01 3.03539e-03 7.27207e-02 
1.59175e-01 1.34258e-03 7.22496e-02 3.97875e-03 


BASE MATCH FREQUENCIES
3.64368e-01 1.26765e-03 2.35091e-03 2.00398e-03 1.26765e-03 1.55576e-01 1.13830e-03 3.54610e-03 2.35091e-03 1.13830e-03 2.30498e-01 1.60955e-03 2.00398e-03 3.54610e-03 1.60955e-03 2.25725e-01 

BASE PAIR MATCH FREQUENCIES
2.28914e-03 5.14596e-06 1.33572e-05 3.34235e-05 9.46950e-06 2.25280e-09 7.73728e-06 2.87490e-07 7.35237e-06 8.72124e-06 7.01405e-07 5.68531e-06 3.01113e-05 9.07763e-07 5.87025e-06 2.16676e-07 
5.14596e-06 1.81387e-03 3.72812e-06 7.79742e-05 2.01688e-06 5.52000e-06 3.93955e-06 5.89690e-08 1.76915e-07 1.26787e-04 1.56373e-06 1.32254e-05 2.37542e-06 5.63649e-06 1.54141e-06 1.14457e-06 
1.33572e-05 3.72812e-06 2.42299e-03 1.82643e-05 3.94225e-07 4.03239e-08 6.80917e-05 4.16673e-07 5.96601e-06 3.19319e-06 9.98586e-06 3.61975e-06 1.91870e-06 1.44711e-07 1.67820e-05 1.82439e-07 
3.34235e-05 7.79742e-05 1.82643e-05 1.32447e-01 4.43972e-06 1.71857e-06 3.97202e-04 3.70005e-05 2.49465e-06 1.42072e-03 3.99285e-06 9.79186e-04 3.90256e-04 2.43968e-06 1.05720e-04 5.22756e-05 
9.46950e-06 2.01688e-06 3.94225e-07 4.43972e-06 1.54791e-03 3.15033e-06 1.30685e-04 2.43523e-06 5.05431e-06 4.18356e-06 9.11633e-07 1.74777e-06 1.17499e-04 4.23644e-07 1.27442e-05 1.48610e-06 
2.25280e-09 5.52000e-06 4.03239e-08 1.71857e-06 3.15033e-06 9.95569e-04 5.89464e-05 6.39348e-06 4.43601e-08 6.47976e-05 1.93563e-07 1.56029e-06 1.92430e-06 8.28585e-06 1.54737e-06 1.33840e-06 
7.73728e-06 3.93955e-06 6.80917e-05 3.97202e-04 1.30685e-04 5.89464e-05 2.51134e-01 4.07533e-05 2.66769e-06 5.23920e-04 5.44134e-05 1.57502e-04 1.52009e-03 6.74083e-06 1.70457e-03 1.34703e-05 
2.87490e-07 5.89690e-08 4.16673e-07 3.70005e-05 2.43523e-06 6.39348e-06 4.07533e-05 2.52973e-03 0.00000e+00 3.37792e-06 1.68237e-07 2.75400e-05 2.72473e-06 6.75932e-06 2.02228e-06 1.07474e-05 
7.35237e-06 1.76915e-07 5.96601e-06 2.49465e-06 5.05431e-06 4.43601e-08 2.66769e-06 0.00000e+00 4.08080e-03 4.09410e-05 6.71081e-06 1.94478e-05 2.54860e-05 8.53004e-08 1.87245e-06 7.35853e-08 
8.72124e-06 1.26787e-04 3.19319e-06 1.42072e-03 4.18356e-06 6.47976e-05 5.23920e-04 3.37792e-06 4.09410e-05 2.74743e-01 9.59928e-05 1.59315e-03 3.05146e-04 4.78448e-05 1.36986e-04 1.08115e-05 
7.01405e-07 1.56373e-06 9.98586e-06 3.99285e-06 9.11633e-07 1.93563e-07 5.44134e-05 1.68237e-07 6.71081e-06 9.59928e-05 2.79803e-03 3.04412e-05 2.74823e-06 2.50406e-07 2.98835e-05 3.69193e-07 
5.68531e-06 1.32254e-05 3.61975e-06 9.79186e-04 1.74777e-06 1.56029e-06 1.57502e-04 2.75400e-05 1.94478e-05 1.59315e-03 3.04412e-05 6.98481e-02 9.34513e-05 8.73807e-06 6.14241e-05 4.14541e-05 
3.01113e-05 2.37542e-06 1.91870e-06 3.90256e-04 1.17499e-04 1.92430e-06 1.52009e-03 2.72473e-06 2.54860e-05 3.05146e-04 2.74823e-06 9.34513e-05 1.55795e-01 2.96702e-05 9.72786e-04 5.80648e-05 
9.07763e-07 5.63649e-06 1.44711e-07 2.43968e-06 4.23644e-07 8.28585e-06 6.74083e-06 6.75932e-06 8.53004e-08 4.78448e-05 2.50406e-07 8.73807e-06 2.96702e-05 1.15292e-03 2.23566e-05 3.29050e-05 
5.87025e-06 1.54141e-06 1.67820e-05 1.05720e-04 1.27442e-05 1.54737e-06 1.70457e-03 2.02228e-06 1.87245e-06 1.36986e-04 2.98835e-05 6.14241e-05 9.72786e-04 2.23566e-05 6.85110e-02 3.57703e-05 
2.16676e-07 1.14457e-06 1.82439e-07 5.22756e-05 1.48610e-06 1.33840e-06 1.34703e-05 1.07474e-05 7.35853e-08 1.08115e-05 3.69193e-07 4.14541e-05 5.80648e-05 3.29050e-05 3.57703e-05 3.67448e-03 

