RIBOSUM

	A	C	G	U
A	2.48
C	-3.56	1.49
G	-3.09	-4.08	1.29
U	-3.00	-1.89	-3.42	2.00


	AA	AC	AG	AU	CA	CC	CG	CU	GA	GC	GG	GU	UA	UC	UG	UU
AA	-0.63
AC	-8.45	-0.82
AG	-7.14	-9.25	-1.40
AU	-5.20	-5.31	-7.18	5.12
CA	-9.85	-11.75	-10.96	-8.28	-1.47
CC	-13.67	-8.84	-13.06	-8.13	-10.25	-1.48
CG	-6.49	-7.63	-5.69	-0.05	-4.04	-5.14	5.72
CU	-13.17	-13.34	-12.21	-6.19	-9.61	-8.04	-5.06	0.07
GA	-9.66	-7.86	-7.48	-8.45	-8.77	-14.45	-8.77	-15.28	-0.73
GC	-4.83	-4.13	-8.13	1.32	-7.13	-5.00	0.10	-7.89	-5.89	5.82
GG	-10.42	-11.75	-6.60	-8.29	-13.12	-14.06	-5.74	-14.65	-6.99	-5.49	-1.81
GU	-7.38	-6.36	-8.05	-0.56	-9.01	-9.22	-1.52	-6.59	-7.13	0.41	-6.67	3.78
UA	-5.56	-7.85	-8.13	-0.50	-4.44	-8.31	1.39	-6.83	-7.14	-0.66	-8.33	-2.76	5.32
UC	-12.13	-9.23	-11.10	-7.66	-12.37	-9.57	-6.83	-6.62	-14.84	-4.93	-13.02	-5.07	-5.26	-2.31
UG	-7.48	-9.15	-7.04	-2.52	-6.40	-9.42	0.75	-8.63	-9.63	-2.00	-6.65	-2.94	-0.32	-7.52	3.70
UU	-9.21	-8.99	-10.36	-3.72	-9.72	-7.64	-4.57	-8.12	-13.62	-5.62	-12.56	-5.11	-4.19	-5.22	-5.94	0.25


BASE FREQUENCIES
2.47000e-01 2.25036e-01 2.98686e-01 2.29277e-01 

BASE PAIR FREQUENCIES
2.98348e-03 2.17367e-03 2.48840e-03 1.30888e-01 
1.66588e-03 1.23301e-03 2.66867e-01 3.04165e-03 
3.58386e-03 2.78818e-01 2.76812e-03 7.62883e-02 
1.46274e-01 1.01319e-03 7.57577e-02 4.15491e-03 


BASE MATCH FREQUENCIES
3.39712e-01 4.71847e-03 8.68417e-03 7.07790e-03 4.71847e-03 1.42689e-01 3.96660e-03 1.38897e-02 8.68417e-03 3.96660e-03 2.17769e-01 6.41777e-03 7.07790e-03 1.38897e-02 6.41777e-03 2.10320e-01 

BASE PAIR MATCH FREQUENCIES
2.41251e-03 9.72537e-06 3.20144e-05 9.39160e-05 3.67282e-06 2.36512e-07 4.56170e-05 3.40476e-07 5.55232e-06 1.44232e-04 3.96947e-06 2.50798e-05 7.31085e-05 7.02232e-07 2.33517e-05 5.42877e-06 
9.72537e-06 1.75127e-03 6.75288e-06 7.94476e-05 8.95232e-07 6.12539e-06 1.88759e-05 2.76107e-07 1.76734e-05 2.13773e-04 1.43929e-06 4.63660e-05 1.36495e-05 4.77990e-06 6.69543e-06 5.74490e-06 
3.20144e-05 6.75288e-06 2.06916e-03 2.88020e-05 2.06043e-06 4.37876e-07 9.58088e-05 8.04184e-07 3.05185e-05 1.77052e-05 6.79133e-05 1.90404e-05 1.48924e-05 1.73986e-06 3.84558e-05 2.95926e-06 
9.39160e-05 7.94476e-05 2.88020e-05 1.11272e-01 1.01207e-05 1.02179e-05 3.68960e-03 3.99832e-05 1.19115e-05 9.53523e-03 1.61791e-05 2.63162e-03 2.27457e-03 1.44793e-05 6.74041e-04 2.25201e-04 
3.67282e-06 8.95232e-07 2.06043e-06 1.01207e-05 1.11875e-03 2.30393e-06 2.26793e-04 3.67642e-06 9.36754e-06 2.67333e-05 5.58355e-07 7.39942e-06 1.45129e-04 5.41840e-07 4.50739e-05 3.45346e-06 
2.36512e-07 6.12539e-06 4.37876e-07 1.02179e-05 2.30393e-06 9.21920e-04 9.62791e-05 9.91382e-06 1.67062e-07 1.06154e-04 2.64885e-07 5.81138e-06 9.04167e-06 3.42710e-06 5.05516e-06 1.33821e-05 
4.56170e-05 1.88759e-05 9.58088e-05 3.68960e-03 2.26793e-04 9.62791e-05 2.37758e-01 1.04210e-04 1.13878e-05 4.84439e-03 1.11839e-04 1.60802e-03 9.99658e-03 3.04014e-05 7.72518e-03 1.48679e-04 
3.40476e-07 2.76107e-07 8.04184e-07 3.99832e-05 3.67642e-06 9.91382e-06 1.04210e-04 2.79666e-03 9.59177e-08 1.45877e-05 1.78708e-07 3.67735e-05 2.56596e-05 2.70261e-05 8.91156e-06 9.73300e-06 
5.55232e-06 1.76734e-05 3.05185e-05 1.19115e-05 9.36754e-06 1.67062e-07 1.13878e-05 9.59177e-08 3.29149e-03 8.34174e-05 5.18991e-05 3.59573e-05 2.96877e-05 1.29372e-07 6.37440e-06 3.08292e-07 
1.44232e-04 2.13773e-04 1.77052e-05 9.53523e-03 2.67333e-05 1.06154e-04 4.84439e-03 1.45877e-05 8.34174e-05 2.55393e-01 1.33733e-04 6.10373e-03 2.40747e-03 1.13901e-04 1.15454e-03 7.18530e-05 
3.96947e-06 1.43929e-06 6.79133e-05 1.61791e-05 5.58355e-07 2.64885e-07 1.11839e-04 1.78708e-07 5.18991e-05 1.33733e-04 2.26743e-03 6.01835e-05 1.57336e-05 5.53273e-07 6.10182e-05 7.74964e-07 
2.50798e-05 4.63660e-05 1.90404e-05 2.63162e-03 7.39942e-06 5.81138e-06 1.60802e-03 3.67735e-05 3.59573e-05 6.10373e-03 6.01835e-05 6.45776e-02 5.71151e-04 1.05022e-04 6.11422e-04 1.04163e-04 
7.31085e-05 1.36495e-05 1.48924e-05 2.27457e-03 1.45129e-04 9.04167e-06 9.99658e-03 2.56596e-05 2.96877e-05 2.40747e-03 1.57336e-05 5.71151e-04 1.27776e-01 7.62628e-05 3.11529e-03 1.63133e-04 
7.02232e-07 4.77990e-06 1.73986e-06 1.44793e-05 5.41840e-07 3.42710e-06 3.04014e-05 2.70261e-05 1.29372e-07 1.13901e-04 5.53273e-07 1.05022e-04 7.62628e-05 5.34992e-04 1.92942e-05 7.29978e-05 
2.33517e-05 6.69543e-06 3.84558e-05 6.74041e-04 4.50739e-05 5.05516e-06 7.72518e-03 8.91156e-06 6.37440e-06 1.15454e-03 6.10182e-05 6.11422e-04 3.11529e-03 1.92942e-05 6.07804e-02 5.85211e-05 
5.42877e-06 5.74490e-06 2.95926e-06 2.25201e-04 3.45346e-06 1.33821e-05 1.48679e-04 9.73300e-06 3.08292e-07 7.18530e-05 7.74964e-07 1.04163e-04 1.63133e-04 7.29978e-05 5.85211e-05 3.28493e-03 

