RIBOSUM

	A	C	G	U
A	1.39
C	-0.74	0.95
G	-0.50	-1.25	0.83
U	-0.57	-0.40	-0.82	0.88


	AA	AC	AG	AU	CA	CC	CG	CU	GA	GC	GG	GU	UA	UC	UG	UU
AA	-4.74
AC	-11.36	-2.80
AG	-10.20	-11.36	-3.31
AU	-5.64	-2.04	-5.04	3.66
CA	-10.28	-10.88	-11.85	-5.61	-4.22
CC	-13.08	-9.22	-12.75	-3.39	-11.78	-3.77
CG	-4.54	-6.31	-1.88	2.26	-2.81	-5.42	5.65
CU	-11.70	-10.08	-4.93	-4.03	-10.08	-4.69	-3.35	-2.31
GA	-6.32	-9.27	-8.99	-4.19	-4.87	-11.54	-4.45	-8.98	-3.10
GC	-3.70	-3.32	-4.21	3.43	-4.10	-3.76	2.89	-2.47	-2.25	5.94
GG	-10.89	-10.61	-4.85	-5.37	-11.82	-11.56	-4.86	-10.63	-7.02	-4.34	-3.63
GU	-7.32	-3.69	-6.22	0.90	-7.05	-6.81	0.44	-3.58	-6.48	1.84	-4.77	2.91
UA	-3.59	-6.09	-3.47	1.80	-2.77	-5.50	3.55	-3.40	-3.59	2.38	-5.93	0.01	4.13
UC	-13.61	-10.46	-10.41	-6.01	-10.52	-9.87	-5.17	-6.61	-9.01	-4.29	-12.85	-5.64	-3.54	-6.12
UG	-5.11	-4.93	-4.99	-0.51	-5.98	-8.83	1.58	-6.77	-7.11	0.18	-5.22	-1.28	1.14	-4.05	2.85
UU	-11.84	-9.13	-11.16	-3.87	-8.08	-8.80	-2.40	-5.03	-11.34	-3.01	-11.35	-2.89	-1.92	-6.53	-3.09	-1.20


BASE FREQUENCIES
2.88468e-01 1.93151e-01 2.62987e-01 2.55394e-01 

BASE PAIR FREQUENCIES
2.51098e-03 2.01692e-03 3.06421e-03 1.69995e-01 
1.84562e-03 7.90354e-04 2.19136e-01 2.49998e-03 
3.58703e-03 2.46125e-01 2.33025e-03 7.10267e-02 
1.97031e-01 1.32527e-03 7.13603e-02 5.35564e-03 


BASE MATCH FREQUENCIES
2.18213e-01 3.33029e-02 5.35836e-02 4.96430e-02 3.33029e-02 7.19517e-02 2.14249e-02 3.74918e-02 5.35836e-02 2.14249e-02 1.22908e-01 3.80603e-02 4.96430e-02 3.74918e-02 3.80603e-02 1.19915e-01 

BASE PAIR MATCH FREQUENCIES
2.59349e-04 1.76757e-06 5.37287e-06 1.22522e-04 3.71821e-06 3.57580e-07 1.82045e-04 1.23250e-06 7.89298e-05 3.25839e-04 3.02865e-06 3.50901e-05 5.07637e-04 3.28253e-07 1.61488e-04 1.48220e-06 
1.76757e-06 4.45058e-04 1.60681e-06 9.95373e-04 1.65035e-06 3.48862e-06 3.56263e-05 2.54560e-06 6.82834e-06 2.83060e-04 2.46937e-06 2.89522e-04 6.03152e-05 1.95097e-06 1.22500e-04 6.50743e-06 
5.37287e-06 1.60681e-06 5.79461e-04 1.69954e-04 1.14381e-06 4.10811e-07 1.04513e-03 1.22432e-04 1.12966e-05 2.08919e-04 1.81658e-04 6.81994e-05 5.04477e-04 2.75757e-06 1.60704e-04 2.16560e-06 
1.22522e-04 9.95373e-04 1.69954e-04 6.88362e-02 8.38761e-05 2.62948e-04 1.79679e-02 2.22336e-04 3.06268e-04 4.04617e-02 1.22942e-04 9.22016e-03 1.88909e-02 5.65786e-05 3.46686e-03 3.28758e-04 
3.71821e-06 1.65035e-06 1.14381e-06 8.38761e-05 1.66457e-04 5.91745e-07 4.04729e-04 2.53521e-06 1.44299e-04 1.65406e-04 1.06318e-06 2.81574e-05 6.02424e-04 1.87072e-06 5.91418e-05 1.34552e-05 
3.57580e-07 3.48862e-06 4.10811e-07 2.62948e-04 5.91745e-07 1.01698e-04 4.43295e-05 7.12602e-05 9.49010e-07 1.40054e-04 8.53213e-07 2.23620e-05 6.08977e-05 1.97069e-06 5.50001e-06 5.45734e-06 
1.82045e-04 3.56263e-05 1.04513e-03 1.79679e-02 4.04729e-04 4.43295e-05 1.29335e-01 2.46175e-04 1.75818e-04 1.91116e-02 1.20569e-04 4.62002e-03 4.39273e-02 6.95112e-05 1.01939e-02 6.28586e-04 
1.23250e-06 2.54560e-06 1.22432e-04 2.22336e-04 2.53521e-06 7.12602e-05 2.46175e-04 4.91470e-04 7.43330e-06 4.51031e-04 2.15779e-06 2.76696e-04 3.44916e-04 2.49033e-05 3.04200e-05 9.84920e-05 
7.89298e-05 6.82834e-06 1.12966e-05 3.06268e-04 1.44299e-04 9.49010e-07 1.75818e-04 7.43330e-06 6.69807e-04 8.12793e-04 4.04834e-05 5.69166e-05 4.62694e-04 7.24945e-06 3.67917e-05 1.90451e-06 
3.25839e-04 2.83060e-04 2.08919e-04 4.04617e-02 1.65406e-04 1.40054e-04 1.91116e-02 4.51031e-04 8.12793e-04 1.58907e-01 1.73896e-04 1.22418e-02 1.94846e-02 1.28308e-04 3.86602e-03 4.11986e-04 
3.02865e-06 2.46937e-06 1.81658e-04 1.22942e-04 1.06318e-06 8.53213e-07 1.20569e-04 2.15779e-06 4.04834e-05 1.73896e-04 3.87576e-04 1.70278e-04 8.36305e-05 4.63392e-07 1.24610e-04 1.72470e-06 
3.50901e-05 2.89522e-04 6.81994e-05 9.22016e-03 2.81574e-05 2.23620e-05 4.62002e-03 2.76696e-04 5.69166e-05 1.22418e-02 1.70278e-04 3.39727e-02 4.99160e-03 6.63380e-05 1.85203e-03 5.89630e-04 
5.07637e-04 6.03152e-05 5.04477e-04 1.88909e-02 6.02424e-04 6.08977e-05 4.39273e-02 3.44916e-04 4.62694e-04 1.94846e-02 8.36305e-05 4.99160e-03 9.52948e-02 3.12158e-04 1.08783e-02 1.27154e-03 
3.28253e-07 1.95097e-06 2.75757e-06 5.65786e-05 1.87072e-06 1.97069e-06 6.95112e-05 2.49033e-05 7.24945e-06 1.28308e-04 4.63392e-07 6.63380e-05 3.12158e-04 3.48893e-05 2.00616e-04 3.47673e-05 
1.61488e-04 1.22500e-04 1.60704e-04 3.46686e-03 5.91418e-05 5.50001e-06 1.01939e-02 3.04200e-05 3.67917e-05 3.86602e-03 1.24610e-04 1.85203e-03 1.08783e-02 2.00616e-04 3.25899e-02 5.14092e-04 
1.48220e-06 6.50743e-06 2.16560e-06 3.28758e-04 1.34552e-05 5.45734e-06 6.28586e-04 9.84920e-05 1.90451e-06 4.11986e-04 1.72470e-06 5.89630e-04 1.27154e-03 3.47673e-05 5.14092e-04 1.85163e-03 

