RIBOSUM

	A	C	G	U
A	1.99
C	-1.21	0.98
G	-0.95	-1.52	0.90
U	-1.06	-0.67	-1.19	1.35


	AA	AC	AG	AU	CA	CC	CG	CU	GA	GC	GG	GU	UA	UC	UG	UU
AA	-2.54
AC	-9.62	-1.81
AG	-9.36	-10.13	-2.32
AU	-5.31	-1.82	-6.39	4.24
CA	-10.35	-11.61	-10.98	-5.96	-3.10
CC	-13.63	-9.41	-13.64	-2.28	-11.10	-3.10
CG	-3.79	-5.64	-4.75	2.01	-3.48	-4.95	5.28
CU	-12.13	-10.27	-8.63	-4.46	-8.55	-6.86	-4.20	-1.46
GA	-9.16	-9.08	-8.39	-4.69	-9.03	-12.22	-4.34	-6.92	-1.54
GC	-5.55	-3.95	-6.02	2.85	-5.71	-3.88	2.77	-2.11	-2.34	5.53
GG	-9.46	-8.99	-4.08	-6.15	-11.95	-13.15	-4.76	-10.18	-6.87	-4.34	-2.21
GU	-7.01	-4.96	-7.02	0.61	-7.05	-7.72	0.28	-4.37	-6.19	1.38	-5.70	3.27
UA	-2.32	-5.96	-2.76	1.84	-3.40	-6.60	2.96	-4.25	-4.74	1.77	-6.63	0.02	4.70
UC	-12.01	-9.09	-8.49	-4.91	-9.04	-8.96	-5.07	-4.75	-6.95	-4.01	-11.56	-4.71	-3.51	-4.27
UG	-3.39	-7.31	-6.35	-0.79	-6.56	-8.22	1.12	-6.86	-7.46	0.15	-4.50	-1.28	0.84	-4.51	3.16
UU	-10.39	-8.20	-10.72	-3.61	-8.80	-7.56	-3.17	-5.38	-11.47	-3.29	-10.55	-2.76	-1.63	-5.84	-4.41	-0.88


BASE FREQUENCIES
2.53870e-01 2.21622e-01 2.95691e-01 2.28817e-01 

BASE PAIR FREQUENCIES
2.50621e-03 2.15589e-03 2.55863e-03 1.34231e-01 
1.87408e-03 1.14542e-03 2.57707e-01 2.74910e-03 
4.15003e-03 2.79086e-01 3.06413e-03 7.37259e-02 
1.56590e-01 1.29592e-03 7.31142e-02 4.04606e-03 


BASE MATCH FREQUENCIES
2.56138e-01 2.42531e-02 3.88629e-02 2.78035e-02 2.42531e-02 9.71340e-02 2.28672e-02 3.19773e-02 3.88629e-02 2.28672e-02 1.62938e-01 2.96074e-02 2.78035e-02 3.19773e-02 2.96074e-02 1.33047e-01 

BASE PAIR MATCH FREQUENCIES
7.12518e-04 4.62220e-06 7.36727e-06 9.40775e-05 2.77747e-06 2.50409e-07 3.04621e-04 7.29416e-07 8.47227e-06 8.99481e-05 7.98491e-06 3.38218e-05 7.48360e-04 7.94785e-07 4.15786e-04 2.51080e-06 
4.62220e-06 9.00009e-04 3.77408e-06 9.27024e-04 1.01306e-06 4.07304e-06 7.40242e-05 2.31176e-06 7.80797e-06 2.37902e-04 9.70544e-06 1.22397e-04 5.24094e-05 5.22664e-06 2.39113e-05 9.99540e-06 
7.36727e-06 3.77408e-06 1.12786e-03 5.19011e-05 2.08752e-06 2.88789e-07 1.82188e-04 9.63498e-06 1.67650e-05 7.57368e-05 3.88819e-04 3.92229e-05 6.45140e-04 1.05796e-05 6.20695e-05 2.32809e-06 
9.40775e-05 9.27024e-04 5.19011e-05 6.39676e-02 5.23290e-05 5.87485e-04 1.53567e-02 1.33953e-04 1.68416e-04 2.74489e-02 7.17285e-05 5.97949e-03 1.20396e-02 9.81927e-05 2.26690e-03 2.48925e-04 
2.77747e-06 1.01306e-06 2.08752e-06 5.23290e-05 3.68782e-04 1.25517e-06 3.29712e-04 7.61551e-06 8.10351e-06 7.05950e-05 1.24639e-06 2.86964e-05 3.09796e-04 5.40774e-06 4.03809e-05 6.62416e-06 
2.50409e-07 4.07304e-06 2.88789e-07 5.87485e-04 1.25517e-06 2.81228e-04 1.03957e-04 2.15009e-05 7.71157e-07 2.18184e-04 4.71487e-07 1.57969e-05 2.95074e-05 4.99626e-06 1.11696e-05 1.36716e-05 
3.04621e-04 7.40242e-05 1.82188e-04 1.53567e-02 3.29712e-04 1.03957e-04 1.66486e-01 1.80948e-04 2.42472e-04 2.93776e-02 2.10868e-04 5.38049e-03 2.96339e-02 9.91568e-05 9.63717e-03 3.80101e-04 
7.29416e-07 2.31176e-06 9.63498e-06 1.33953e-04 7.61551e-06 2.15009e-05 1.80948e-04 9.33366e-04 3.15348e-05 7.70670e-04 3.82260e-06 1.65670e-04 1.54341e-04 9.56255e-05 2.94942e-05 6.37750e-05 
8.47227e-06 7.80797e-06 1.67650e-05 1.68416e-04 8.10351e-06 7.71157e-07 2.42472e-04 3.15348e-05 1.93849e-03 9.68928e-04 5.59510e-05 6.95187e-05 1.63230e-04 3.08868e-05 2.87502e-05 1.38290e-06 
8.99481e-05 2.37902e-04 7.57368e-05 2.74489e-02 7.05950e-05 2.18184e-04 2.93776e-02 7.70670e-04 9.68928e-04 1.99110e-01 2.82349e-04 1.15183e-02 1.29919e-02 2.05797e-04 4.92162e-03 3.49845e-04 
7.98491e-06 9.70544e-06 3.88819e-04 7.17285e-05 1.24639e-06 4.71487e-07 2.10868e-04 3.82260e-06 5.59510e-05 2.82349e-04 1.65290e-03 1.13816e-04 5.13811e-05 1.47243e-06 2.62295e-04 3.06397e-06 
3.38218e-05 1.22397e-04 3.92229e-05 5.97949e-03 2.86964e-05 1.57969e-05 5.38049e-03 1.65670e-04 6.95187e-05 1.15183e-02 1.13816e-04 4.42302e-02 3.98465e-03 1.30971e-04 1.88541e-03 5.23230e-04 
7.48360e-04 5.24094e-05 6.45140e-04 1.20396e-02 3.09796e-04 2.95074e-05 2.96339e-02 1.54341e-04 1.63230e-04 1.29919e-02 5.13811e-05 3.98465e-03 8.78405e-02 2.58915e-04 7.02573e-03 9.82661e-04 
7.94785e-07 5.22664e-06 1.05796e-05 9.81927e-05 5.40774e-06 4.99626e-06 9.91568e-05 9.56255e-05 3.08868e-05 2.05797e-04 1.47243e-06 1.30971e-04 2.58915e-04 1.33291e-04 1.50787e-04 4.63851e-05 
4.15786e-04 2.39113e-05 6.20695e-05 2.26690e-03 4.03809e-05 1.11696e-05 9.63717e-03 2.94942e-05 2.87502e-05 4.92162e-03 2.62295e-04 1.88541e-03 7.02573e-03 1.50787e-04 4.08169e-02 1.66505e-04 
2.51080e-06 9.99540e-06 2.32809e-06 2.48925e-04 6.62416e-06 1.36716e-05 3.80101e-04 6.37750e-05 1.38290e-06 3.49845e-04 3.06397e-06 5.23230e-04 9.82661e-04 4.63851e-05 1.66505e-04 1.48906e-03 

