RIBOSUM

	A	C	G	U
A	2.32
C	-2.12	1.20
G	-1.74	-2.77	1.10
U	-1.69	-1.12	-2.04	1.77


	AA	AC	AG	AU	CA	CC	CG	CU	GA	GC	GG	GU	UA	UC	UG	UU
AA	-1.82
AC	-9.26	-1.97
AG	-8.76	-9.63	-1.71
AU	-5.28	-2.53	-6.46	4.62
CA	-10.16	-11.16	-11.14	-6.34	-2.43
CC	-13.83	-9.83	-13.74	-6.88	-10.79	-2.48
CG	-5.50	-6.09	-5.08	1.53	-3.68	-5.19	5.43
CU	-11.67	-10.23	-8.04	-5.67	-7.92	-6.27	-4.80	-0.80
GA	-8.58	-8.49	-7.82	-6.57	-8.63	-11.94	-3.93	-6.40	-0.91
GC	-5.33	-3.99	-5.89	2.51	-6.06	-4.35	1.91	-6.64	-4.22	5.64
GG	-9.41	-8.62	-5.66	-6.47	-11.67	-13.10	-4.63	-12.55	-6.32	-4.09	-1.99
GU	-6.95	-5.09	-7.03	0.30	-8.00	-8.22	-0.54	-5.87	-6.55	1.08	-5.96	3.54
UA	-4.68	-6.14	-6.60	1.42	-3.27	-7.06	2.58	-4.11	-5.26	1.36	-6.52	-0.93	5.05
UC	-11.56	-8.64	-8.16	-5.91	-8.41	-8.44	-5.85	-4.02	-6.41	-4.73	-12.22	-5.24	-2.87	-3.53
UG	-6.43	-7.57	-6.01	-0.87	-6.34	-8.77	1.06	-7.68	-7.56	-0.20	-4.59	-2.26	0.87	-6.50	3.35
UU	-9.96	-7.58	-10.05	-3.87	-8.41	-6.91	-3.76	-4.59	-11.38	-4.08	-11.31	-4.97	-3.76	-5.04	-4.74	-0.00


BASE FREQUENCIES
2.52398e-01 2.24242e-01 3.01874e-01 2.21486e-01 

BASE PAIR FREQUENCIES
1.91921e-03 1.89403e-03 2.68976e-03 1.27759e-01 
1.52466e-03 8.95712e-04 2.62833e-01 2.22371e-03 
4.40886e-03 2.85316e-01 3.35984e-03 7.36165e-02 
1.53778e-01 1.26167e-03 7.28011e-02 3.71847e-03 


BASE MATCH FREQUENCIES
3.17533e-01 1.30423e-02 2.27872e-02 1.72876e-02 1.30423e-02 1.15260e-01 9.94853e-03 2.29297e-02 2.27872e-02 9.94853e-03 1.95850e-01 1.62082e-02 1.72876e-02 2.29297e-02 1.62082e-02 1.66949e-01 

BASE PAIR MATCH FREQUENCIES
1.15118e-03 5.88472e-06 1.12233e-05 9.16822e-05 3.15303e-06 2.20470e-07 9.54346e-05 9.72058e-07 1.26844e-05 1.07330e-04 8.50891e-06 3.44571e-05 1.39355e-04 1.04475e-06 4.95462e-05 3.13568e-06 
5.88472e-06 8.14951e-04 5.42456e-06 5.47088e-04 1.40130e-06 3.13174e-06 5.61343e-05 2.33346e-06 1.19879e-05 2.41780e-04 1.30652e-05 1.11457e-04 4.49995e-05 7.06395e-06 1.98738e-05 1.45316e-05 
1.12233e-05 5.42456e-06 1.77853e-03 4.82989e-05 1.91515e-06 2.80331e-07 1.52023e-04 1.44136e-05 2.57202e-05 8.71672e-05 1.36900e-04 3.89611e-05 4.38062e-05 1.32055e-05 7.91967e-05 3.53436e-06 
9.16822e-05 5.47088e-04 4.82989e-05 7.68990e-02 3.89380e-05 2.38950e-05 1.09589e-02 5.44816e-05 4.48699e-05 2.15183e-02 5.73642e-05 4.61209e-03 8.37246e-03 4.61321e-05 2.05198e-03 1.87860e-04 
3.15303e-06 1.40130e-06 1.91515e-06 3.89380e-05 5.95951e-04 1.60230e-06 2.99682e-04 1.16137e-05 1.08662e-05 5.74784e-05 1.57851e-06 1.48095e-05 3.27750e-04 8.27853e-06 4.66138e-05 8.16820e-06 
2.20470e-07 3.13174e-06 2.80331e-07 2.38950e-05 1.60230e-06 4.53950e-04 9.32717e-05 3.22765e-05 9.74068e-07 1.67301e-04 5.21673e-07 1.12384e-05 2.10173e-05 7.19218e-06 7.69188e-06 2.05733e-05 
9.54346e-05 5.61343e-05 1.52023e-04 1.09589e-02 2.99682e-04 9.32717e-05 1.97353e-01 1.20884e-04 3.37873e-04 1.72732e-02 2.49336e-04 3.11521e-03 2.26531e-02 5.81082e-05 9.44167e-03 2.44275e-04 
9.72058e-07 2.33346e-06 1.44136e-05 5.44816e-05 1.16137e-05 3.22765e-05 1.20884e-04 1.41409e-03 4.48733e-05 3.37753e-05 7.53102e-07 5.68387e-05 1.61113e-04 1.51707e-04 1.61759e-05 1.01134e-04 
1.26844e-05 1.19879e-05 2.57202e-05 4.48699e-05 1.08662e-05 9.74068e-07 3.37873e-04 4.48733e-05 3.08853e-03 2.76641e-04 8.66365e-05 5.44407e-05 1.10800e-04 4.46527e-05 2.70156e-05 1.40091e-06 
1.07330e-04 2.41780e-04 8.71672e-05 2.15183e-02 5.74784e-05 1.67301e-04 1.72732e-02 3.37753e-05 2.76641e-04 2.27971e-01 3.63328e-04 9.59573e-03 9.69811e-03 1.26492e-04 3.92724e-03 1.96980e-04 
8.50891e-06 1.30652e-05 1.36900e-04 5.73642e-05 1.57851e-06 5.21673e-07 2.49336e-04 7.53102e-07 8.66365e-05 3.63328e-04 2.08923e-03 9.75682e-05 5.54177e-05 9.49424e-07 2.52186e-04 1.76145e-06 
3.44571e-05 1.11457e-04 3.89611e-05 4.61209e-03 1.48095e-05 1.12384e-05 3.11521e-03 5.68387e-05 5.44407e-05 9.59573e-03 9.75682e-05 5.21710e-02 1.96784e-03 8.78665e-05 9.31889e-04 1.04845e-04 
1.39355e-04 4.49995e-05 4.38062e-05 8.37246e-03 3.27750e-04 2.10173e-05 2.26531e-02 1.61113e-04 1.10800e-04 9.69811e-03 5.54177e-05 1.96784e-03 1.03824e-01 3.79523e-04 6.81371e-03 2.02713e-04 
1.04475e-06 7.06395e-06 1.32055e-05 4.61321e-05 8.27853e-06 7.19218e-06 5.81082e-05 1.51707e-04 4.46527e-05 1.26492e-04 9.49424e-07 8.78665e-05 3.79523e-04 2.13412e-04 3.68121e-05 7.41871e-05 
4.95462e-05 1.98738e-05 7.91967e-05 2.05198e-03 4.66138e-05 7.69188e-06 9.44167e-03 1.61759e-05 2.70156e-05 3.92724e-03 2.52186e-04 9.31889e-04 6.81371e-03 3.68121e-05 4.55656e-02 1.22507e-04 
3.13568e-06 1.45316e-05 3.53436e-06 1.87860e-04 8.16820e-06 2.05733e-05 2.44275e-04 1.01134e-04 1.40091e-06 1.96980e-04 1.76145e-06 1.04845e-04 2.02713e-04 7.41871e-05 1.22507e-04 2.40248e-03 

