RIBOSUM

	A	C	G	U
A	2.11
C	-1.47	1.05
G	-1.17	-1.88	0.97
U	-1.21	-0.81	-1.43	1.50


	AA	AC	AG	AU	CA	CC	CG	CU	GA	GC	GG	GU	UA	UC	UG	UU
AA	-2.43
AC	-9.32	-1.98
AG	-8.53	-10.08	-2.08
AU	-4.95	-2.03	-6.10	4.37
CA	-9.97	-10.84	-10.59	-5.87	-2.92
CC	-13.38	-9.27	-13.33	-3.40	-10.73	-3.06
CG	-4.00	-5.54	-4.68	1.86	-3.26	-4.68	5.33
CU	-11.73	-9.52	-8.37	-4.52	-7.97	-6.33	-4.26	-1.16
GA	-8.58	-9.35	-7.90	-5.12	-8.33	-12.42	-4.15	-7.19	-1.24
GC	-5.27	-3.73	-5.56	2.75	-5.72	-3.85	2.47	-3.02	-2.92	5.59
GG	-9.59	-9.42	-4.85	-5.94	-11.34	-12.70	-4.66	-10.65	-6.69	-4.02	-2.04
GU	-6.50	-4.46	-6.85	0.52	-7.13	-7.60	-0.01	-4.83	-6.13	1.30	-5.68	3.36
UA	-3.07	-5.66	-3.56	1.72	-3.14	-6.53	2.84	-4.41	-4.73	1.68	-6.28	-0.30	4.83
UC	-11.25	-8.44	-8.21	-4.95	-8.30	-8.18	-5.20	-4.22	-6.76	-4.17	-11.60	-4.88	-3.23	-3.74
UG	-4.31	-7.13	-5.98	-0.76	-6.24	-8.29	1.15	-6.86	-7.13	0.02	-4.64	-1.71	0.88	-4.97	3.22
UU	-9.94	-7.38	-10.27	-3.53	-8.79	-6.74	-3.36	-4.67	-11.26	-3.54	-10.70	-3.41	-2.27	-5.78	-4.29	-0.53


BASE FREQUENCIES
2.54232e-01 2.22503e-01 2.98477e-01 2.24788e-01 

BASE PAIR FREQUENCIES
2.16145e-03 2.16812e-03 2.69925e-03 1.31013e-01 
1.81544e-03 1.01581e-03 2.59448e-01 2.55075e-03 
4.25829e-03 2.83029e-01 3.26233e-03 7.31956e-02 
1.55578e-01 1.34044e-03 7.25562e-02 3.90784e-03 


BASE MATCH FREQUENCIES
2.79739e-01 2.03532e-02 3.36222e-02 2.46658e-02 2.03532e-02 1.02510e-01 1.80552e-02 2.84614e-02 3.36222e-02 1.80552e-02 1.74268e-01 2.49855e-02 2.46658e-02 2.84614e-02 2.49855e-02 1.43198e-01 

BASE PAIR MATCH FREQUENCIES
7.76129e-04 5.73109e-06 1.32238e-05 1.19642e-04 3.64012e-06 2.99947e-07 2.67665e-04 9.50509e-07 1.28548e-05 1.11017e-04 7.44728e-06 4.78602e-05 4.40023e-04 1.32855e-06 2.18252e-04 3.32110e-06 
5.73109e-06 8.08561e-04 3.97848e-06 7.92911e-04 1.74682e-06 4.52336e-06 8.05322e-05 3.84784e-06 6.56964e-06 2.83028e-04 7.37036e-06 1.71971e-04 6.39475e-05 8.15755e-06 2.71662e-05 1.71756e-05 
1.32238e-05 3.97848e-06 1.36140e-03 6.31100e-05 2.79388e-06 3.64485e-07 1.96232e-04 1.14677e-05 2.41248e-05 1.06836e-04 2.35072e-04 4.41778e-05 3.67220e-04 1.28260e-05 8.08199e-05 3.10125e-06 
1.19642e-04 7.92911e-04 6.31100e-05 6.74387e-02 5.52344e-05 2.68568e-04 1.37791e-02 1.24699e-04 1.24291e-04 2.55405e-02 8.28124e-05 5.51181e-03 1.07304e-02 9.22966e-05 2.26310e-03 2.50440e-04 
3.64012e-06 1.74682e-06 2.79388e-06 5.52344e-05 4.22223e-04 1.64738e-06 3.91909e-04 1.12545e-05 1.33354e-05 7.11680e-05 1.94929e-06 2.70770e-05 3.66515e-04 8.95041e-06 5.00702e-05 6.47449e-06 
2.99947e-07 4.52336e-06 3.64485e-07 2.68568e-04 1.64738e-06 2.94294e-04 1.28372e-04 3.06747e-05 6.87346e-07 2.27429e-04 6.63258e-07 1.71495e-05 3.05189e-05 8.55621e-06 1.06266e-05 2.34244e-05 
2.67665e-04 8.05322e-05 1.96232e-04 1.37791e-02 3.91909e-04 1.28372e-04 1.77813e-01 1.73539e-04 2.83641e-04 2.43624e-02 2.34608e-04 4.44011e-03 2.71381e-02 9.06651e-05 9.91191e-03 3.26150e-04 
9.50509e-07 3.84784e-06 1.14677e-05 1.24699e-04 1.12545e-05 3.06747e-05 1.73539e-04 1.12179e-03 2.59079e-05 4.08317e-04 2.76575e-06 1.17877e-04 1.34074e-04 1.34026e-04 2.89352e-05 9.91733e-05 
1.28548e-05 6.56964e-06 2.41248e-05 1.24291e-04 1.33354e-05 6.87346e-07 2.83641e-04 2.59079e-05 2.44181e-03 6.66125e-04 6.52838e-05 7.27821e-05 1.63128e-04 3.50962e-05 3.62380e-05 1.55963e-06 
1.11017e-04 2.83028e-04 1.06836e-04 2.55405e-02 7.11680e-05 2.27429e-04 2.43624e-02 4.08317e-04 6.66125e-04 2.12047e-01 3.64442e-04 1.10041e-02 1.21817e-02 1.84726e-04 4.51894e-03 2.88731e-04 
7.44728e-06 7.37036e-06 2.35072e-04 8.28124e-05 1.94929e-06 6.63258e-07 2.34608e-04 2.76575e-06 6.52838e-05 3.64442e-04 1.92509e-03 1.16719e-04 6.54990e-05 1.43966e-06 2.39297e-04 2.69878e-06 
4.78602e-05 1.71971e-04 4.41778e-05 5.51181e-03 2.70770e-05 1.71495e-05 4.44011e-03 1.17877e-04 7.27821e-05 1.10041e-02 1.16719e-04 4.63599e-02 3.11861e-03 1.13951e-04 1.37276e-03 3.18167e-04 
4.40023e-04 6.39475e-05 3.67220e-04 1.07304e-02 3.66515e-04 3.05189e-05 2.71381e-02 1.34074e-04 1.63128e-04 1.21817e-02 6.54990e-05 3.11861e-03 9.27737e-02 3.05447e-04 7.03770e-03 5.98568e-04 
1.32855e-06 8.15755e-06 1.28260e-05 9.22966e-05 8.95041e-06 8.55621e-06 9.06651e-05 1.34026e-04 3.50962e-05 1.84726e-04 1.43966e-06 1.13951e-04 3.05447e-04 1.87456e-04 1.07156e-04 4.59277e-05 
2.18252e-04 2.71662e-05 8.08199e-05 2.26310e-03 5.00702e-05 1.06266e-05 9.91191e-03 2.89352e-05 3.62380e-05 4.51894e-03 2.39297e-04 1.37276e-03 7.03770e-03 1.07156e-04 4.19856e-02 1.72867e-04 
3.32110e-06 1.71756e-05 3.10125e-06 2.50440e-04 6.47449e-06 2.34244e-05 3.26150e-04 9.91733e-05 1.55963e-06 2.88731e-04 2.69878e-06 3.18167e-04 5.98568e-04 4.59277e-05 1.72867e-04 1.76782e-03 

