RIBOSUM

	A	C	G	U
A	1.96
C	-1.17	0.96
G	-0.90	-1.48	0.88
U	-1.00	-0.65	-1.16	1.31


	AA	AC	AG	AU	CA	CC	CG	CU	GA	GC	GG	GU	UA	UC	UG	UU
AA	-2.81
AC	-9.63	-1.97
AG	-8.84	-10.25	-2.40
AU	-4.97	-1.71	-6.13	4.18
CA	-10.16	-11.04	-10.23	-5.74	-3.26
CC	-13.39	-8.98	-13.30	-2.40	-10.83	-3.37
CG	-3.70	-5.29	-4.48	2.06	-3.22	-4.71	5.27
CU	-11.86	-9.53	-8.64	-4.20	-8.30	-6.66	-4.03	-1.53
GA	-8.88	-9.62	-8.20	-4.67	-8.54	-12.43	-4.32	-7.38	-1.57
GC	-5.33	-3.68	-5.63	2.89	-5.45	-3.63	2.82	-2.10	-2.36	5.55
GG	-9.66	-9.58	-4.43	-5.79	-11.56	-12.63	-4.64	-9.76	-6.97	-4.14	-2.14
GU	-6.61	-4.63	-6.90	0.61	-6.88	-7.43	0.33	-4.25	-6.15	1.41	-5.74	3.24
UA	-2.37	-5.59	-2.81	1.85	-3.19	-6.41	3.00	-4.25	-4.62	1.84	-6.37	0.04	4.66
UC	-11.44	-8.59	-8.33	-4.55	-8.60	-8.48	-4.85	-4.59	-6.99	-3.72	-11.32	-4.63	-3.52	-4.10
UG	-3.50	-6.99	-6.13	-0.74	-6.31	-8.03	1.19	-6.61	-7.23	0.17	-4.32	-1.34	0.87	-4.56	3.13
UU	-10.21	-7.72	-10.60	-3.42	-8.62	-7.10	-3.16	-5.08	-11.32	-3.23	-10.04	-2.93	-1.66	-6.18	-4.22	-0.98


BASE FREQUENCIES
2.55483e-01 2.20870e-01 2.94817e-01 2.28831e-01 

BASE PAIR FREQUENCIES
2.42804e-03 2.27434e-03 2.58739e-03 1.34648e-01 
1.98714e-03 1.14883e-03 2.56057e-01 2.81715e-03 
4.17252e-03 2.79153e-01 3.12630e-03 7.31789e-02 
1.58013e-01 1.38784e-03 7.29468e-02 4.07343e-03 


BASE MATCH FREQUENCIES
2.54161e-01 2.50410e-02 4.02857e-02 2.92725e-02 2.50410e-02 9.50401e-02 2.33447e-02 3.21967e-02 4.02857e-02 2.33447e-02 1.60233e-01 3.01882e-02 2.92725e-02 3.21967e-02 3.01882e-02 1.29907e-01 

BASE PAIR MATCH FREQUENCIES
6.08374e-04 4.63548e-06 1.06929e-05 1.21932e-04 3.20902e-06 2.97216e-07 3.28025e-04 8.88118e-07 1.04409e-05 1.05499e-04 7.01334e-06 4.49925e-05 7.37159e-04 1.18524e-06 3.89765e-04 2.89034e-06 
4.63548e-06 8.13949e-04 3.47902e-06 1.00676e-03 1.51658e-06 5.45244e-06 9.39053e-05 3.85214e-06 5.39027e-06 2.86106e-04 6.39830e-06 1.53971e-04 6.85235e-05 7.39981e-06 3.00497e-05 1.39992e-05 
1.06929e-05 3.47902e-06 1.07296e-03 6.27264e-05 3.54189e-06 3.65426e-07 2.19787e-04 9.53038e-06 1.93173e-05 9.93744e-05 3.04648e-04 4.24951e-05 6.28277e-04 1.18508e-05 7.27599e-05 2.54511e-06 
1.21932e-04 1.00676e-03 6.27264e-05 6.19916e-02 6.17396e-05 5.38908e-04 1.59048e-02 1.60817e-04 1.73130e-04 2.82500e-02 9.17615e-05 6.02931e-03 1.23471e-02 1.25767e-04 2.35944e-03 2.86545e-04 
3.20902e-06 1.51658e-06 3.54189e-06 6.17396e-05 3.31306e-04 1.51313e-06 3.93253e-04 9.06099e-06 1.13965e-05 8.38263e-05 1.61890e-06 3.22325e-05 3.62216e-04 7.35270e-06 4.80526e-05 7.53364e-06 
2.97216e-07 5.45244e-06 3.65426e-07 5.38908e-04 1.51313e-06 2.30727e-04 1.21318e-04 2.43651e-05 6.64894e-07 2.55967e-04 6.67965e-07 1.90398e-05 3.36433e-05 6.90648e-06 1.25779e-05 1.86347e-05 
3.28025e-04 9.39053e-05 2.19787e-04 1.59048e-02 3.93253e-04 1.21318e-04 1.63073e-01 2.01741e-04 2.45573e-04 2.98650e-02 2.26973e-04 5.53411e-03 3.04035e-02 1.13841e-04 1.00003e-02 3.80331e-04 
8.88118e-07 3.85214e-06 9.53038e-06 1.60817e-04 9.06099e-06 2.43651e-05 2.01741e-04 8.82587e-04 2.28286e-05 7.65429e-04 5.06371e-06 1.78609e-04 1.54956e-04 1.06169e-04 3.48388e-05 7.82942e-05 
1.04409e-05 5.39027e-06 1.93173e-05 1.73130e-04 1.13965e-05 6.64894e-07 2.45573e-04 2.28286e-05 1.91326e-03 9.56568e-04 5.22822e-05 7.16387e-05 1.78861e-04 2.98564e-05 3.37766e-05 1.54416e-06 
1.05499e-04 2.86106e-04 9.93744e-05 2.82500e-02 8.38263e-05 2.55967e-04 2.98650e-02 7.65429e-04 9.56568e-04 1.98220e-01 3.22024e-04 1.16608e-02 1.36195e-02 2.50072e-04 4.93484e-03 3.62388e-04 
7.01334e-06 6.39830e-06 3.04648e-04 9.17615e-05 1.61890e-06 6.67965e-07 2.26973e-04 5.06371e-06 5.22822e-05 3.22024e-04 1.71632e-03 1.09693e-04 6.13266e-05 1.71764e-06 2.93176e-04 4.31287e-06 
4.49925e-05 1.53971e-04 4.24951e-05 6.02931e-03 3.22325e-05 1.90398e-05 5.53411e-03 1.78609e-04 7.16387e-05 1.16608e-02 1.09693e-04 4.29854e-02 4.04631e-03 1.37367e-04 1.80378e-03 4.63639e-04 
7.37159e-04 6.85235e-05 6.28277e-04 1.23471e-02 3.62216e-04 3.36433e-05 3.04035e-02 1.54956e-04 1.78861e-04 1.36195e-02 6.13266e-05 4.04631e-03 8.63862e-02 2.58157e-04 7.19960e-03 9.70842e-04 
1.18524e-06 7.39981e-06 1.18508e-05 1.25767e-04 7.35270e-06 6.90648e-06 1.13841e-04 1.06169e-04 2.98564e-05 2.50072e-04 1.71764e-06 1.37367e-04 2.58157e-04 1.48519e-04 1.45040e-04 3.65791e-05 
3.89765e-04 3.00497e-05 7.27599e-05 2.35944e-03 4.80526e-05 1.25779e-05 1.00003e-02 3.48388e-05 3.37766e-05 4.93484e-03 2.93176e-04 1.80378e-03 7.19960e-03 1.45040e-04 3.97828e-02 1.90018e-04 
2.89034e-06 1.39992e-05 2.54511e-06 2.86545e-04 7.53364e-06 1.86347e-05 3.80331e-04 7.82942e-05 1.54416e-06 3.62388e-04 4.31287e-06 4.63639e-04 9.70842e-04 3.65791e-05 1.90018e-04 1.38814e-03 

