RIBOSUM

	A	C	G	U
A	2.20
C	-1.96	1.24
G	-1.65	-2.48	1.14
U	-1.64	-0.97	-1.99	1.68


	AA	AC	AG	AU	CA	CC	CG	CU	GA	GC	GG	GU	UA	UC	UG	UU
AA	-1.16
AC	-8.96	-1.08
AG	-6.56	-9.95	-2.00
AU	-5.29	-2.66	-6.36	4.74
CA	-10.37	-10.16	-10.61	-5.55	-1.21
CC	-11.94	-9.18	-13.91	-4.96	-10.94	-1.93
CG	-5.11	-5.73	-4.67	1.19	-2.80	-5.04	5.59
CU	-11.61	-11.32	-9.10	-5.73	-5.91	-5.99	-4.32	-0.07
GA	-7.49	-9.74	-8.54	-5.44	-6.13	-11.96	-4.14	-6.89	-1.00
GC	-5.98	-3.52	-5.79	2.31	-5.19	-3.11	1.75	-5.52	-4.49	5.78
GG	-8.33	-9.90	-4.68	-5.51	-12.53	-11.38	-5.06	-10.31	-6.67	-3.69	-2.22
GU	-6.30	-5.04	-7.02	0.47	-6.83	-8.12	-0.70	-5.59	-6.33	1.08	-6.41	3.45
UA	-3.90	-6.09	-7.08	0.88	-3.25	-6.43	2.40	-4.97	-4.54	1.09	-6.27	-1.43	5.00
UC	-8.24	-8.66	-9.15	-5.53	-9.08	-9.05	-5.66	-4.26	-7.10	-4.37	-10.07	-5.28	-3.56	-3.69
UG	-6.32	-7.31	-5.83	-1.23	-6.01	-7.86	1.20	-8.29	-6.66	-0.38	-4.74	-2.57	0.60	-7.06	3.42
UU	-7.27	-7.97	-10.70	-3.32	-8.41	-6.17	-3.80	-4.85	-9.38	-3.50	-11.74	-4.35	-3.50	-4.79	-4.94	-0.31


BASE FREQUENCIES
2.55995e-01 2.20177e-01 2.90795e-01 2.33033e-01 

BASE PAIR FREQUENCIES
2.94642e-03 2.61324e-03 2.35475e-03 1.38293e-01 
2.70656e-03 1.39533e-03 2.55813e-01 3.24691e-03 
3.98181e-03 2.74332e-01 2.90253e-03 7.15516e-02 
1.57897e-01 1.23299e-03 7.45145e-02 4.21866e-03 


BASE MATCH FREQUENCIES
3.00389e-01 1.45226e-02 2.36932e-02 1.91859e-02 1.45226e-02 1.14665e-01 1.15139e-02 2.61387e-02 2.36932e-02 1.15139e-02 1.86735e-01 1.70637e-02 1.91859e-02 2.61387e-02 1.70637e-02 1.73975e-01 

BASE PAIR MATCH FREQUENCIES
1.92544e-03 7.39971e-06 5.18267e-05 9.96766e-05 2.78820e-06 8.08316e-07 1.21458e-04 1.07599e-06 2.71192e-05 6.63146e-05 1.72002e-05 5.65489e-05 2.61388e-04 1.11516e-05 5.56025e-05 2.30004e-05 
7.39971e-06 1.50268e-03 4.24659e-06 5.31058e-04 2.76882e-06 4.69820e-06 6.79700e-05 1.13399e-06 4.89050e-06 3.15035e-04 4.98773e-06 1.15811e-04 4.92185e-05 7.12873e-06 2.41263e-05 1.22336e-05 
5.18267e-05 4.24659e-06 1.38505e-03 5.40779e-05 2.68339e-06 2.34278e-07 1.87730e-04 6.95143e-06 1.48788e-05 8.63636e-05 2.46111e-04 3.87488e-05 3.28050e-05 6.70307e-06 8.88447e-05 2.42537e-06 
9.96766e-05 5.31058e-04 5.40779e-05 9.48237e-02 7.16449e-05 9.30347e-05 8.71178e-03 5.76478e-05 1.02211e-04 1.89948e-02 1.10840e-04 5.58896e-03 6.54973e-03 6.64678e-05 1.72659e-03 3.24513e-04 
2.78820e-06 2.76882e-06 2.68339e-06 7.16449e-05 1.37101e-03 1.39123e-06 5.18799e-04 4.81703e-05 5.98942e-05 9.91890e-05 8.05079e-07 3.36639e-05 3.52782e-04 5.35194e-06 5.93765e-05 9.01293e-06 
8.08316e-07 4.69820e-06 2.34278e-07 9.30347e-05 1.39123e-06 6.17564e-04 9.46399e-05 3.90735e-05 9.08197e-07 3.59746e-04 1.54059e-06 1.18017e-05 3.35925e-05 4.69896e-06 1.41137e-05 3.66788e-05 
1.21458e-04 6.79700e-05 1.87730e-04 8.71178e-03 5.18799e-04 9.46399e-05 1.97440e-01 1.63934e-04 2.70394e-04 1.37892e-02 1.62452e-04 2.66909e-03 2.00960e-02 6.49140e-05 9.97806e-03 2.49637e-04 
1.07599e-06 1.13399e-06 6.95143e-06 5.76478e-05 4.81703e-05 3.90735e-05 1.63934e-04 2.51450e-03 3.22716e-05 7.14381e-05 3.41679e-06 7.22981e-05 9.73730e-05 1.37798e-04 1.11316e-05 9.67810e-05 
2.71192e-05 4.89050e-06 1.48788e-05 1.02211e-04 5.98942e-05 9.08197e-07 2.70394e-04 3.22716e-05 2.76213e-03 2.12180e-04 6.17296e-05 6.28095e-05 1.91539e-04 2.78598e-05 4.98997e-05 6.07871e-06 
6.63146e-05 3.15035e-04 8.63636e-05 1.89948e-02 9.91890e-05 3.59746e-04 1.37892e-02 7.14381e-05 2.12180e-04 2.24922e-01 4.19320e-04 9.16935e-03 8.10495e-03 1.59149e-04 3.33445e-03 3.06587e-04 
1.72002e-05 4.98773e-06 2.46111e-04 1.10840e-04 8.05079e-07 1.54059e-06 1.62452e-04 3.41679e-06 6.17296e-05 4.19320e-04 1.52969e-03 6.72062e-05 6.53479e-05 4.04005e-06 2.14365e-04 1.34661e-06 
5.65489e-05 1.15811e-04 3.87488e-05 5.58896e-03 3.36639e-05 1.18017e-05 2.66909e-03 7.22981e-05 6.28095e-05 9.16935e-03 6.72062e-05 5.01076e-02 1.50487e-03 8.93964e-05 7.71123e-04 1.80210e-04 
2.61388e-04 4.92185e-05 3.28050e-05 6.54973e-03 3.52782e-04 3.35925e-05 2.00960e-02 9.73730e-05 1.91539e-04 8.10495e-03 6.53479e-05 1.50487e-03 1.13974e-01 2.60215e-04 6.10823e-03 2.86925e-04 
1.11516e-05 7.12873e-06 6.70307e-06 6.64678e-05 5.35194e-06 4.69896e-06 6.49140e-05 1.37798e-04 2.78598e-05 1.59149e-04 4.04005e-06 8.93964e-05 2.60215e-04 2.04193e-04 2.61434e-05 1.00652e-04 
5.56025e-05 2.41263e-05 8.88447e-05 1.72659e-03 5.93765e-05 1.41137e-05 9.97806e-03 1.11316e-05 4.98997e-05 3.33445e-03 2.14365e-04 7.71123e-04 6.10823e-03 2.61434e-05 4.90042e-02 1.20057e-04 
2.30004e-05 1.22336e-05 2.42537e-06 3.24513e-04 9.01293e-06 3.66788e-05 2.49637e-04 9.67810e-05 6.07871e-06 3.06587e-04 1.34661e-06 1.80210e-04 2.86925e-04 1.00652e-04 1.20057e-04 2.37084e-03 

