RIBOSUM

	A	C	G	U
A	2.43
C	-3.62	1.53
G	-3.13	-4.13	1.32
U	-2.98	-2.18	-3.44	1.98


	AA	AC	AG	AU	CA	CC	CG	CU	GA	GC	GG	GU	UA	UC	UG	UU
AA	-1.20
AC	-8.67	-0.72
AG	-7.65	-8.98	-1.29
AU	-5.14	-4.82	-7.31	5.11
CA	-9.70	-10.96	-11.91	-7.29	-1.58
CC	-14.61	-8.62	-14.34	-8.35	-10.60	-1.97
CG	-6.57	-7.52	-5.93	-0.38	-4.26	-5.33	5.78
CU	-11.63	-11.73	-12.51	-5.96	-9.10	-6.50	-5.26	-0.10
GA	-8.78	-8.85	-7.90	-8.83	-8.59	-14.15	-8.66	-16.40	-0.61
GC	-5.84	-4.28	-7.87	1.11	-7.23	-5.18	-0.17	-7.74	-5.99	5.93
GG	-10.03	-9.75	-7.01	-8.29	-12.39	-14.47	-6.05	-15.37	-7.29	-5.34	-1.51
GU	-7.41	-6.55	-8.68	-0.54	-8.74	-9.45	-1.94	-6.56	-7.15	0.20	-6.54	3.80
UA	-5.40	-7.06	-7.96	-0.55	-4.31	-8.51	1.21	-7.13	-6.71	-0.93	-8.09	-2.95	5.36
UC	-13.07	-9.26	-11.33	-7.17	-10.80	-8.83	-7.11	-5.99	-13.46	-5.22	-11.37	-6.13	-5.34	-1.51
UG	-7.80	-8.46	-6.91	-2.69	-6.27	-9.97	0.45	-8.75	-9.58	-2.27	-6.61	-3.35	-0.33	-7.17	3.73
UU	-10.15	-8.68	-9.27	-3.99	-9.59	-8.52	-5.12	-7.08	-14.50	-5.94	-12.92	-5.13	-4.18	-5.85	-5.36	0.27


BASE FREQUENCIES
2.55487e-01 2.20332e-01 2.96115e-01 2.28066e-01 

BASE PAIR FREQUENCIES
2.37600e-03 2.38487e-03 2.74463e-03 1.35091e-01 
1.62332e-03 8.80903e-04 2.57776e-01 2.66733e-03 
4.07247e-03 2.78008e-01 3.19336e-03 7.36829e-02 
1.56639e-01 1.28095e-03 7.34496e-02 4.13007e-03 


BASE MATCH FREQUENCIES
3.52364e-01 4.58761e-03 8.63688e-03 7.39720e-03 4.58761e-03 1.39741e-01 3.72676e-03 1.11025e-02 8.63688e-03 3.72676e-03 2.18637e-01 6.24104e-03 7.39720e-03 1.11025e-02 6.24104e-03 2.05874e-01 

BASE PAIR MATCH FREQUENCIES
1.85154e-03 9.03758e-06 2.45879e-05 1.07811e-04 4.42385e-06 1.26955e-07 4.48899e-05 1.03292e-06 1.12287e-05 7.41244e-05 5.47899e-06 2.59877e-05 8.99380e-05 3.81335e-07 1.97720e-05 2.98584e-06 
9.03758e-06 1.92576e-03 8.44891e-06 1.16020e-04 1.59433e-06 6.96645e-06 1.99734e-05 8.34915e-07 9.20113e-06 1.89481e-04 5.74685e-06 4.07073e-05 2.45300e-05 4.62903e-06 1.07701e-05 7.16045e-06 
2.45879e-05 8.44891e-06 2.33918e-03 2.78226e-05 1.10571e-06 1.77538e-07 8.09883e-05 6.50533e-07 2.39224e-05 2.10524e-05 5.15211e-05 1.24551e-05 1.77067e-05 1.47541e-06 4.25432e-05 6.39486e-06 
1.07811e-04 1.16020e-04 2.78226e-05 1.17019e-01 2.09079e-05 8.66660e-06 2.92052e-03 4.70071e-05 9.66289e-06 8.23392e-03 1.63047e-05 2.70169e-03 2.31363e-03 2.03957e-05 6.09100e-04 1.91232e-04 
4.42385e-06 1.59433e-06 1.10571e-06 2.09079e-05 1.06332e-03 1.75872e-06 1.91592e-04 5.13871e-06 1.10523e-05 2.45067e-05 9.21629e-07 8.90729e-06 1.65202e-04 1.58119e-06 4.93695e-05 3.80746e-06 
1.26955e-07 6.96645e-06 1.77538e-07 8.66660e-06 1.75872e-06 6.02173e-04 7.87321e-05 2.70115e-05 2.02088e-07 8.73855e-05 1.87887e-07 4.69060e-06 7.73851e-06 5.37023e-06 3.26346e-06 6.87675e-06 
4.48899e-05 1.99734e-05 8.09883e-05 2.92052e-03 1.91592e-04 7.87321e-05 2.34426e-01 8.52617e-05 1.21938e-05 3.77666e-03 8.66030e-05 1.14503e-03 8.77011e-03 2.37470e-05 6.02632e-03 9.78124e-05 
1.03292e-06 8.34915e-07 6.50533e-07 4.70071e-05 5.13871e-06 2.70115e-05 8.52617e-05 2.35671e-03 4.41070e-08 1.53728e-05 1.03750e-07 3.58637e-05 2.09436e-05 3.98502e-05 7.86705e-06 1.93475e-05 
1.12287e-05 9.20113e-06 2.39224e-05 9.66289e-06 1.10523e-05 2.02088e-07 1.21938e-05 4.41070e-08 3.75944e-03 7.78159e-05 4.23639e-05 3.59522e-05 4.20787e-05 3.37939e-07 6.66334e-06 1.70412e-07 
7.41244e-05 1.89481e-04 2.10524e-05 8.23392e-03 2.45067e-05 8.73855e-05 3.77666e-03 1.53728e-05 7.78159e-05 2.59693e-01 1.40984e-04 5.05874e-03 1.99984e-03 8.79892e-05 9.12857e-04 5.51140e-05 
5.47899e-06 5.74685e-06 5.15211e-05 1.63047e-05 9.21629e-07 1.87887e-07 8.66030e-05 1.03750e-07 4.23639e-05 1.40984e-04 2.69903e-03 6.34558e-05 1.87464e-05 1.65922e-06 6.04237e-05 5.88760e-07 
2.59877e-05 4.07073e-05 1.24551e-05 2.70169e-03 8.90729e-06 4.69060e-06 1.14503e-03 3.58637e-05 3.59522e-05 5.05874e-03 6.34558e-05 6.34808e-02 5.09133e-04 4.84584e-05 4.46286e-04 1.00276e-04 
8.99380e-05 2.45300e-05 1.77067e-05 2.31363e-03 1.65202e-04 7.73851e-06 8.77011e-03 2.09436e-05 4.20787e-05 1.99984e-03 1.87464e-05 5.09133e-04 1.39300e-01 7.23576e-05 3.13245e-03 1.66998e-04 
3.81335e-07 4.62903e-06 1.47541e-06 2.03957e-05 1.58119e-06 5.37023e-06 2.37470e-05 3.98502e-05 3.37939e-07 8.79892e-05 1.65922e-06 4.84584e-05 7.23576e-05 8.88006e-04 2.36375e-05 4.52664e-05 
1.97720e-05 1.07701e-05 4.25432e-05 6.09100e-04 4.93695e-05 3.26346e-06 6.02632e-03 7.86705e-06 6.66334e-06 9.12857e-04 6.04237e-05 4.46286e-04 3.13245e-03 2.36375e-05 6.06641e-02 8.55283e-05 
2.98584e-06 7.16045e-06 6.39486e-06 1.91232e-04 3.80746e-06 6.87675e-06 9.78124e-05 1.93475e-05 1.70412e-07 5.51140e-05 5.88760e-07 1.00276e-04 1.66998e-04 4.52664e-05 8.55283e-05 3.26528e-03 

