RIBOSUM

	A	C	G	U
A	2.31
C	-2.12	1.20
G	-1.75	-2.77	1.11
U	-1.69	-1.12	-2.05	1.77


	AA	AC	AG	AU	CA	CC	CG	CU	GA	GC	GG	GU	UA	UC	UG	UU
AA	-1.82
AC	-9.27	-1.97
AG	-8.77	-9.64	-1.70
AU	-5.26	-2.54	-6.46	4.62
CA	-10.17	-11.16	-11.14	-6.35	-2.42
CC	-13.83	-9.83	-13.74	-6.88	-10.80	-2.47
CG	-5.50	-6.09	-5.08	1.53	-3.68	-5.19	5.43
CU	-11.68	-10.24	-8.04	-5.65	-7.92	-6.27	-4.80	-0.80
GA	-8.57	-8.50	-7.82	-6.57	-8.64	-11.94	-3.93	-6.40	-0.91
GC	-5.33	-3.98	-5.89	2.50	-6.06	-4.34	1.92	-6.64	-4.22	5.64
GG	-9.42	-8.63	-5.67	-6.48	-11.67	-13.10	-4.63	-12.55	-6.33	-4.08	-1.99
GU	-6.96	-5.09	-7.04	0.30	-8.00	-8.23	-0.54	-5.87	-6.55	1.08	-5.97	3.55
UA	-4.66	-6.14	-6.61	1.41	-3.28	-7.07	2.58	-4.12	-5.27	1.35	-6.53	-0.93	5.05
UC	-11.57	-8.64	-8.17	-5.92	-8.41	-8.44	-5.86	-4.03	-6.41	-4.73	-12.22	-5.24	-2.88	-3.48
UG	-6.43	-7.58	-6.01	-0.87	-6.35	-8.77	1.06	-7.68	-7.56	-0.21	-4.60	-2.27	0.86	-6.50	3.35
UU	-9.97	-7.58	-10.06	-3.88	-8.42	-6.91	-3.77	-4.59	-11.38	-4.08	-11.31	-4.98	-3.76	-5.04	-4.75	-0.01


BASE FREQUENCIES
2.52799e-01 2.23936e-01 3.01475e-01 2.21790e-01 

BASE PAIR FREQUENCIES
1.93144e-03 1.89361e-03 2.69483e-03 1.28211e-01 
1.52459e-03 8.93040e-04 2.62432e-01 2.22425e-03 
4.40030e-03 2.84949e-01 3.35049e-03 7.35917e-02 
1.54183e-01 1.26786e-03 7.27292e-02 3.72322e-03 


BASE MATCH FREQUENCIES
3.17912e-01 1.30113e-02 2.27351e-02 1.73230e-02 1.30113e-02 1.15174e-01 9.91805e-03 2.28711e-02 2.27351e-02 9.91805e-03 1.95623e-01 1.61685e-02 1.73230e-02 2.28711e-02 1.61685e-02 1.67237e-01 

BASE PAIR MATCH FREQUENCIES
1.15752e-03 5.86663e-06 1.11888e-05 9.36241e-05 3.14334e-06 2.19793e-07 9.51894e-05 9.69070e-07 1.28140e-05 1.07000e-04 8.48276e-06 3.43512e-05 1.41616e-04 1.04154e-06 4.94099e-05 3.12604e-06 
5.86663e-06 8.15337e-04 5.40788e-06 5.46731e-04 1.39699e-06 3.12212e-06 5.59617e-05 2.32628e-06 1.19510e-05 2.42265e-04 1.30251e-05 1.11115e-04 4.48692e-05 7.04224e-06 1.98127e-05 1.45511e-05 
1.11888e-05 5.40788e-06 1.78600e-03 4.86081e-05 1.90926e-06 2.79469e-07 1.51709e-04 1.43693e-05 2.56411e-05 8.68993e-05 1.36479e-04 3.88413e-05 4.38562e-05 1.31649e-05 7.91298e-05 3.52349e-06 
9.36241e-05 5.46731e-04 4.86081e-05 7.74402e-02 3.88263e-05 2.38215e-05 1.09285e-02 5.56066e-05 4.49005e-05 2.14622e-02 5.71878e-05 4.60682e-03 8.36416e-03 4.59903e-05 2.04645e-03 1.87757e-04 
3.14334e-06 1.39699e-06 1.90926e-06 3.88263e-05 5.98550e-04 1.59737e-06 2.98760e-04 1.15780e-05 1.08328e-05 5.73017e-05 1.57366e-06 1.47640e-05 3.27016e-04 8.25309e-06 4.64706e-05 8.14309e-06 
2.19793e-07 3.12212e-06 2.79469e-07 2.38215e-05 1.59737e-06 4.52555e-04 9.29850e-05 3.21773e-05 9.71074e-07 1.66787e-04 5.20069e-07 1.12039e-05 2.09527e-05 7.17007e-06 7.66823e-06 2.05101e-05 
9.51894e-05 5.59617e-05 1.51709e-04 1.09285e-02 2.98760e-04 9.29850e-05 1.97145e-01 1.20697e-04 3.36835e-04 1.72208e-02 2.48569e-04 3.10616e-03 2.25929e-02 5.79296e-05 9.41466e-03 2.43524e-04 
9.69070e-07 2.32628e-06 1.43693e-05 5.56066e-05 1.15780e-05 3.21773e-05 1.20697e-04 1.41486e-03 4.47353e-05 3.37358e-05 7.50787e-07 5.66640e-05 1.60626e-04 1.51241e-04 1.61583e-05 1.01169e-04 
1.28140e-05 1.19510e-05 2.56411e-05 4.49005e-05 1.08328e-05 9.71074e-07 3.36835e-04 4.47353e-05 3.08315e-03 2.75791e-04 8.63702e-05 5.43456e-05 1.10732e-04 4.45155e-05 2.69727e-05 1.40463e-06 
1.07000e-04 2.42265e-04 8.68993e-05 2.14622e-02 5.73017e-05 1.66787e-04 1.72208e-02 3.37358e-05 2.75791e-04 2.27778e-01 3.62211e-04 9.56882e-03 9.67135e-03 1.26112e-04 3.91521e-03 1.96375e-04 
8.48276e-06 1.30251e-05 1.36479e-04 5.71878e-05 1.57366e-06 5.20069e-07 2.48569e-04 7.50787e-07 8.63702e-05 3.62211e-04 2.08354e-03 9.72683e-05 5.52473e-05 9.46506e-07 2.51411e-04 1.75604e-06 
3.43512e-05 1.11115e-04 3.88413e-05 4.60682e-03 1.47640e-05 1.12039e-05 3.10616e-03 5.66640e-05 5.43456e-05 9.56882e-03 9.72683e-05 5.22015e-02 1.96341e-03 8.75965e-05 9.29033e-04 1.04523e-04 
1.41616e-04 4.48692e-05 4.38562e-05 8.36416e-03 3.27016e-04 2.09527e-05 2.25929e-02 1.60626e-04 1.10732e-04 9.67135e-03 5.52473e-05 1.96341e-03 1.04339e-01 3.78903e-04 6.79836e-03 2.03398e-04 
1.04154e-06 7.04224e-06 1.31649e-05 4.59903e-05 8.25309e-06 7.17007e-06 5.79296e-05 1.51241e-04 4.45155e-05 1.26112e-04 9.46506e-07 8.75965e-05 3.78903e-04 2.21555e-04 3.67150e-05 7.42882e-05 
4.94099e-05 1.98127e-05 7.91298e-05 2.04645e-03 4.64706e-05 7.66823e-06 9.41466e-03 1.61583e-05 2.69727e-05 3.91521e-03 2.51411e-04 9.29033e-04 6.79836e-03 3.67150e-05 4.55687e-02 1.22227e-04 
3.12604e-06 1.45511e-05 3.52349e-06 1.87757e-04 8.14309e-06 2.05101e-05 2.43524e-04 1.01169e-04 1.40463e-06 1.96375e-04 1.75604e-06 1.04523e-04 2.03398e-04 7.42882e-05 1.22227e-04 2.40664e-03 

