RIBOSUM

	A	C	G	U
A	1.99
C	-1.21	0.98
G	-0.95	-1.52	0.90
U	-1.06	-0.67	-1.19	1.35


	AA	AC	AG	AU	CA	CC	CG	CU	GA	GC	GG	GU	UA	UC	UG	UU
AA	-2.54
AC	-9.62	-1.81
AG	-9.36	-10.13	-2.32
AU	-5.31	-1.82	-6.39	4.24
CA	-10.35	-11.61	-10.98	-5.96	-3.10
CC	-13.63	-9.41	-13.64	-2.28	-11.10	-3.10
CG	-3.79	-5.64	-4.75	2.01	-3.48	-4.95	5.28
CU	-12.13	-10.27	-8.63	-4.46	-8.55	-6.86	-4.20	-1.46
GA	-9.16	-9.08	-8.39	-4.69	-9.03	-12.22	-4.34	-6.92	-1.54
GC	-5.55	-3.95	-6.02	2.85	-5.71	-3.88	2.77	-2.11	-2.34	5.53
GG	-9.46	-8.99	-4.08	-6.15	-11.95	-13.15	-4.76	-10.18	-6.87	-4.34	-2.21
GU	-7.01	-4.96	-7.02	0.61	-7.05	-7.72	0.28	-4.37	-6.19	1.38	-5.70	3.27
UA	-2.32	-5.96	-2.76	1.84	-3.40	-6.60	2.96	-4.25	-4.74	1.77	-6.63	0.02	4.70
UC	-12.01	-9.09	-8.49	-4.91	-9.04	-8.96	-5.07	-4.75	-6.95	-4.01	-11.56	-4.71	-3.51	-4.27
UG	-3.39	-7.31	-6.35	-0.79	-6.56	-8.22	1.12	-6.86	-7.46	0.15	-4.50	-1.28	0.84	-4.51	3.16
UU	-10.39	-8.20	-10.72	-3.61	-8.80	-7.56	-3.17	-5.38	-11.47	-3.29	-10.54	-2.76	-1.63	-5.84	-4.41	-0.88


BASE FREQUENCIES
2.53870e-01 2.21623e-01 2.95692e-01 2.28815e-01 

BASE PAIR FREQUENCIES
2.50614e-03 2.15578e-03 2.55861e-03 1.34229e-01 
1.87409e-03 1.14537e-03 2.57709e-01 2.74904e-03 
4.15012e-03 2.79089e-01 3.06426e-03 7.37257e-02 
1.56589e-01 1.29589e-03 7.31130e-02 4.04596e-03 


BASE MATCH FREQUENCIES
2.56149e-01 2.42510e-02 3.88600e-02 2.78013e-02 2.42510e-02 9.71373e-02 2.28660e-02 3.19758e-02 3.88600e-02 2.28660e-02 1.62944e-01 2.96052e-02 2.78013e-02 3.19758e-02 2.96052e-02 1.33051e-01 

BASE PAIR MATCH FREQUENCIES
7.12535e-04 4.62230e-06 7.36710e-06 9.40767e-05 2.77754e-06 2.50415e-07 3.04621e-04 7.29433e-07 8.47247e-06 8.99374e-05 7.98510e-06 3.38149e-05 7.48360e-04 7.94804e-07 4.15794e-04 2.51086e-06 
4.62230e-06 9.00006e-04 3.77416e-06 9.26988e-04 1.01309e-06 4.07314e-06 7.40108e-05 2.31181e-06 7.80810e-06 2.37898e-04 9.70567e-06 1.22399e-04 5.24093e-05 5.22674e-06 2.39116e-05 9.99563e-06 
7.36710e-06 3.77416e-06 1.12788e-03 5.18997e-05 2.08757e-06 2.88796e-07 1.82189e-04 9.63520e-06 1.67653e-05 7.57378e-05 3.88768e-04 3.92236e-05 6.45153e-04 1.05799e-05 6.20707e-05 2.32812e-06 
9.40767e-05 9.26988e-04 5.18997e-05 6.39681e-02 5.23256e-05 5.87495e-04 1.53563e-02 1.33939e-04 1.68418e-04 2.74484e-02 7.17299e-05 5.97948e-03 1.20392e-02 9.81944e-05 2.26689e-03 2.48928e-04 
2.77754e-06 1.01309e-06 2.08757e-06 5.23256e-05 3.68791e-04 1.25520e-06 3.29718e-04 7.61569e-06 8.10370e-06 7.05964e-05 1.24642e-06 2.86968e-05 3.09794e-04 5.40787e-06 4.03814e-05 6.62429e-06 
2.50415e-07 4.07314e-06 2.88796e-07 5.87495e-04 1.25520e-06 2.81234e-04 1.03959e-04 2.15015e-05 7.71141e-07 2.18187e-04 4.71498e-07 1.57973e-05 2.94897e-05 4.99637e-06 1.11691e-05 1.36717e-05 
3.04621e-04 7.40108e-05 1.82189e-04 1.53563e-02 3.29718e-04 1.03959e-04 1.66488e-01 1.80950e-04 2.42478e-04 2.93771e-02 2.10872e-04 5.38038e-03 2.96336e-02 9.91584e-05 9.63719e-03 3.80109e-04 
7.29433e-07 2.31181e-06 9.63520e-06 1.33939e-04 7.61569e-06 2.15015e-05 1.80950e-04 9.33388e-04 3.15256e-05 7.70678e-04 3.82269e-06 1.65673e-04 1.54313e-04 9.56277e-05 2.94929e-05 6.37764e-05 
8.47247e-06 7.80810e-06 1.67653e-05 1.68418e-04 8.10370e-06 7.71141e-07 2.42478e-04 3.15256e-05 1.93853e-03 9.68871e-04 5.59523e-05 6.95202e-05 1.63233e-04 3.08871e-05 2.87509e-05 1.38294e-06 
8.99374e-05 2.37898e-04 7.57378e-05 2.74484e-02 7.05964e-05 2.18187e-04 2.93771e-02 7.70678e-04 9.68871e-04 1.99112e-01 2.82355e-04 1.15184e-02 1.29915e-02 2.05801e-04 4.92157e-03 3.49831e-04 
7.98510e-06 9.70567e-06 3.88768e-04 7.17299e-05 1.24642e-06 4.71498e-07 2.10872e-04 3.82269e-06 5.59523e-05 2.82355e-04 1.65294e-03 1.13819e-04 5.13803e-05 1.47246e-06 2.62301e-04 3.06404e-06 
3.38149e-05 1.22399e-04 3.92236e-05 5.97948e-03 2.86968e-05 1.57973e-05 5.38038e-03 1.65673e-04 6.95202e-05 1.15184e-02 1.13819e-04 4.42309e-02 3.98466e-03 1.30974e-04 1.88539e-03 5.23197e-04 
7.48360e-04 5.24093e-05 6.45153e-04 1.20392e-02 3.09794e-04 2.94897e-05 2.96336e-02 1.54313e-04 1.63233e-04 1.29915e-02 5.13803e-05 3.98466e-03 8.78404e-02 2.58919e-04 7.02575e-03 9.82670e-04 
7.94804e-07 5.22674e-06 1.05799e-05 9.81944e-05 5.40787e-06 4.99637e-06 9.91584e-05 9.56277e-05 3.08871e-05 2.05801e-04 1.47246e-06 1.30974e-04 2.58919e-04 1.33294e-04 1.50790e-04 4.63862e-05 
4.15794e-04 2.39116e-05 6.20707e-05 2.26689e-03 4.03814e-05 1.11691e-05 9.63719e-03 2.94929e-05 2.87509e-05 4.92157e-03 2.62301e-04 1.88539e-03 7.02575e-03 1.50790e-04 4.08171e-02 1.66475e-04 
2.51086e-06 9.99563e-06 2.32812e-06 2.48928e-04 6.62429e-06 1.36717e-05 3.80109e-04 6.37764e-05 1.38294e-06 3.49831e-04 3.06404e-06 5.23197e-04 9.82670e-04 4.63862e-05 1.66475e-04 1.48909e-03 

