RIBOSUM

	A	C	G	U
A	2.30
C	-2.07	1.18
G	-1.68	-2.74	1.10
U	-1.63	-1.11	-1.98	1.74


	AA	AC	AG	AU	CA	CC	CG	CU	GA	GC	GG	GU	UA	UC	UG	UU
AA	-2.01
AC	-9.81	-2.14
AG	-8.48	-9.88	-1.77
AU	-5.23	-2.42	-6.12	4.58
CA	-9.82	-10.59	-10.63	-6.18	-2.50
CC	-13.29	-9.54	-13.40	-6.77	-10.54	-2.62
CG	-5.22	-5.96	-4.91	1.53	-3.51	-5.01	5.44
CU	-11.49	-10.74	-8.03	-5.55	-7.70	-6.29	-4.71	-0.85
GA	-8.31	-9.19	-7.52	-6.40	-8.19	-12.25	-3.87	-6.88	-0.93
GC	-5.39	-3.86	-5.50	2.55	-6.01	-4.26	1.89	-6.30	-4.15	5.66
GG	-9.56	-9.43	-5.69	-6.07	-11.39	-12.70	-4.59	-12.18	-6.43	-4.00	-1.94
GU	-6.87	-5.57	-7.16	0.36	-7.72	-7.86	-0.52	-6.11	-6.46	1.09	-6.04	3.53
UA	-4.49	-5.84	-6.42	1.47	-3.12	-6.89	2.62	-4.27	-5.30	1.37	-6.29	-0.83	5.03
UC	-11.09	-8.13	-7.90	-5.48	-7.89	-8.30	-5.61	-3.86	-6.42	-4.49	-11.93	-5.44	-2.86	-3.26
UG	-6.50	-7.52	-5.79	-0.83	-6.15	-8.76	1.10	-7.82	-7.19	-0.23	-4.62	-2.27	0.89	-6.47	3.32
UU	-9.80	-7.60	-10.07	-3.80	-8.49	-6.38	-3.83	-4.24	-11.27	-4.16	-10.82	-4.96	-3.60	-5.33	-4.85	-0.01


BASE FREQUENCIES
2.54341e-01 2.23076e-01 3.01238e-01 2.21345e-01 

BASE PAIR FREQUENCIES
1.84486e-03 1.86996e-03 2.73610e-03 1.28426e-01 
1.60948e-03 8.94153e-04 2.61000e-01 2.15692e-03 
4.46515e-03 2.85236e-01 3.44038e-03 7.32904e-02 
1.55557e-01 1.36778e-03 7.23513e-02 3.75386e-03 


BASE MATCH FREQUENCIES
3.17690e-01 1.35530e-02 2.39842e-02 1.81792e-02 1.35530e-02 1.13068e-01 1.00788e-02 2.29053e-02 2.39842e-02 1.00788e-02 1.93892e-01 1.68813e-02 1.81792e-02 2.29053e-02 1.68813e-02 1.64186e-01 

BASE PAIR MATCH FREQUENCIES
1.03725e-03 4.09015e-06 1.38845e-05 9.68121e-05 4.06212e-06 3.22203e-07 1.16488e-04 1.11296e-06 1.55857e-05 1.03423e-04 7.77729e-06 3.69765e-05 1.61847e-04 1.46443e-06 4.77172e-05 3.56204e-06 
4.09015e-06 7.31511e-04 4.62117e-06 5.97905e-04 2.09360e-06 3.79850e-06 6.14036e-05 1.63685e-06 7.46346e-06 2.63430e-04 7.46643e-06 7.98864e-05 5.56985e-05 9.97041e-06 2.06626e-05 1.42953e-05 
1.38845e-05 4.62117e-06 1.71808e-03 6.21038e-05 2.74258e-06 3.51988e-07 1.71383e-04 1.44264e-05 3.19447e-05 1.13535e-04 1.34793e-04 3.57960e-05 5.04147e-05 1.58109e-05 9.23161e-05 3.49507e-06 
9.68121e-05 5.97905e-04 6.21038e-05 7.57543e-02 4.41850e-05 2.57039e-05 1.09087e-02 5.92229e-05 5.12059e-05 2.21211e-02 7.58354e-05 4.82769e-03 8.76057e-03 6.23933e-05 2.11587e-03 1.98462e-04 
4.06212e-06 2.09360e-06 2.74258e-06 4.41850e-05 5.70495e-04 1.89241e-06 3.35646e-04 1.34898e-05 1.49060e-05 5.93199e-05 1.92409e-06 1.79128e-05 3.67265e-04 1.18354e-05 5.32828e-05 7.74457e-06 
3.22203e-07 3.79850e-06 3.51988e-07 2.57039e-05 1.89241e-06 4.02241e-04 1.03537e-04 3.13854e-05 7.80831e-07 1.73985e-04 6.78184e-07 1.43092e-05 2.36639e-05 7.78133e-06 7.67044e-06 2.93182e-05 
1.16488e-04 6.14036e-05 1.71383e-04 1.09087e-02 3.35646e-04 1.03537e-04 1.95759e-01 1.26979e-04 3.52409e-04 1.67142e-02 2.53689e-04 3.12682e-03 2.31964e-02 6.80260e-05 9.62843e-03 2.30750e-04 
1.11296e-06 1.63685e-06 1.44264e-05 5.92229e-05 1.34898e-05 3.13854e-05 1.26979e-04 1.34807e-03 3.20152e-05 4.22338e-05 9.68651e-07 4.76629e-05 1.44304e-04 1.68287e-04 1.45266e-05 1.27957e-04 
1.55857e-05 7.46346e-06 3.19447e-05 5.12059e-05 1.49060e-05 7.80831e-07 3.52409e-04 3.20152e-05 3.07610e-03 2.89527e-04 8.05625e-05 5.79071e-05 1.09808e-04 4.41199e-05 3.50387e-05 1.51762e-06 
1.03423e-04 2.63430e-04 1.13535e-04 2.21211e-02 5.93199e-05 1.73985e-04 1.67142e-02 4.22338e-05 2.89527e-04 2.28565e-01 3.82157e-04 9.52639e-03 9.77096e-03 1.47923e-04 3.83240e-03 1.83547e-04 
7.77729e-06 7.46643e-06 1.34793e-04 7.58354e-05 1.92409e-06 6.78184e-07 2.53689e-04 9.68651e-07 8.05625e-05 3.82157e-04 2.14096e-03 9.21107e-05 6.54149e-05 1.15108e-06 2.45839e-04 2.46463e-06 
3.69765e-05 7.98864e-05 3.57960e-05 4.82769e-03 1.79128e-05 1.43092e-05 3.12682e-03 4.76629e-05 5.79071e-05 9.52639e-03 9.21107e-05 5.15019e-02 2.10475e-03 7.56468e-05 9.20165e-04 1.05125e-04 
1.61847e-04 5.56985e-05 5.04147e-05 8.76057e-03 3.67265e-04 2.36639e-05 2.31964e-02 1.44304e-04 1.09808e-04 9.77096e-03 6.54149e-05 2.10475e-03 1.03908e-01 3.83724e-04 6.97567e-03 2.27172e-04 
1.46443e-06 9.97041e-06 1.58109e-05 6.23933e-05 1.18354e-05 7.78133e-06 6.80260e-05 1.68287e-04 4.41199e-05 1.47923e-04 1.15108e-06 7.56468e-05 3.83724e-04 2.55217e-04 3.72393e-05 6.01297e-05 
4.77172e-05 2.06626e-05 9.23161e-05 2.11587e-03 5.32828e-05 7.67044e-06 9.62843e-03 1.45266e-05 3.50387e-05 3.83240e-03 2.45839e-04 9.20165e-04 6.97567e-03 3.72393e-05 4.45533e-02 1.13105e-04 
3.56204e-06 1.42953e-05 3.49507e-06 1.98462e-04 7.74457e-06 2.93182e-05 2.30750e-04 1.27957e-04 1.51762e-06 1.83547e-04 2.46463e-06 1.05125e-04 2.27172e-04 6.01297e-05 1.13105e-04 2.37614e-03 

