RIBOSUM

	A	C	G	U
A	1.54
C	-0.78	0.88
G	-0.58	-1.13	0.82
U	-0.64	-0.39	-0.86	0.93


	AA	AC	AG	AU	CA	CC	CG	CU	GA	GC	GG	GU	UA	UC	UG	UU
AA	-3.35
AC	-5.71	-1.55
AG	-10.29	-11.14	-4.19
AU	-4.44	-1.76	-5.03	3.84
CA	-10.45	-10.77	-11.36	-5.37	-3.18
CC	-9.76	-5.57	-12.62	-3.01	-11.42	-3.82
CG	-3.42	-3.92	-2.38	2.27	-1.87	-4.49	5.33
CU	-11.18	-7.98	-6.33	-3.22	-8.09	-4.42	-3.07	-1.30
GA	-7.40	-9.46	-9.46	-3.66	-6.17	-10.26	-4.40	-8.80	-2.48
GC	-3.76	-3.03	-4.42	3.22	-3.75	-2.54	3.01	-2.49	-1.81	5.65
GG	-10.94	-10.84	-4.81	-4.46	-11.47	-11.68	-4.38	-8.41	-7.47	-4.09	-2.61
GU	-5.61	-3.51	-6.09	0.87	-7.02	-5.78	0.65	-3.82	-5.40	1.83	-4.79	2.92
UA	-3.21	-3.92	-2.81	1.90	-2.92	-3.95	3.35	-3.57	-3.51	2.32	-5.34	0.14	4.23
UC	-10.89	-9.01	-9.29	-4.53	-9.58	-6.85	-4.04	-5.25	-7.57	-2.83	-8.35	-4.75	-2.92	-5.26
UG	-3.64	-5.50	-5.69	-0.42	-5.90	-6.24	1.60	-5.31	-7.49	0.57	-4.91	-1.13	1.05	-3.97	2.92
UU	-9.47	-6.74	-10.37	-3.37	-8.50	-6.28	-1.76	-4.94	-11.24	-2.59	-10.23	-2.91	-1.92	-6.22	-3.20	-1.39


BASE FREQUENCIES
2.71747e-01 2.06958e-01 2.73846e-01 2.47449e-01 

BASE PAIR FREQUENCIES
2.82260e-03 2.98765e-03 2.66456e-03 1.56995e-01 
2.39087e-03 1.26702e-03 2.29761e-01 3.38685e-03 
4.07253e-03 2.56075e-01 2.70305e-03 7.31585e-02 
1.80066e-01 1.70586e-03 7.46427e-02 5.30124e-03 


BASE MATCH FREQUENCIES
2.15103e-01 3.27747e-02 4.98482e-02 4.31765e-02 3.27747e-02 7.89592e-02 2.58715e-02 3.91852e-02 4.98482e-02 2.58715e-02 1.32637e-01 3.73963e-02 4.31765e-02 3.91852e-02 3.73963e-02 1.16796e-01 

BASE PAIR MATCH FREQUENCIES
5.34549e-04 7.94519e-05 4.40074e-06 2.29375e-04 2.96147e-06 3.65543e-06 3.90924e-04 1.63112e-06 3.25399e-05 3.08956e-04 2.81291e-06 1.02129e-04 5.36543e-04 1.99639e-06 4.02687e-04 6.35460e-06 
7.94519e-05 1.07970e-03 1.85440e-06 1.11732e-03 1.81131e-06 5.08184e-05 2.10118e-04 1.13876e-05 5.93073e-06 3.90821e-04 2.30374e-06 3.33606e-04 2.49619e-04 5.58090e-06 8.43301e-05 3.21689e-05 
4.40074e-06 1.85440e-06 3.03278e-04 1.53156e-04 1.59344e-06 5.05182e-07 8.09719e-04 4.72613e-05 7.88651e-06 1.97435e-04 1.98617e-04 7.42441e-05 7.12594e-04 6.09038e-06 9.79716e-05 3.44319e-06 
2.29375e-04 1.11732e-03 1.53156e-04 6.49284e-02 9.11647e-05 3.56723e-04 1.83549e-02 3.69871e-04 3.94957e-04 3.55856e-02 2.29678e-04 8.31736e-03 1.69136e-02 1.49351e-04 3.41683e-03 3.98683e-04 
2.96147e-06 1.81131e-06 1.59344e-06 9.11647e-05 3.49402e-04 8.78572e-07 8.70116e-04 1.05742e-05 5.80394e-05 2.36923e-04 1.48394e-06 2.92695e-05 5.00400e-04 3.76084e-06 6.37210e-05 9.51053e-06 
3.65543e-06 5.08184e-05 5.05182e-07 3.56723e-04 8.78572e-07 1.29532e-04 1.07658e-04 1.02771e-04 2.60161e-06 4.16011e-04 9.81925e-07 5.29364e-05 1.86217e-04 1.89877e-05 3.84820e-05 3.37687e-05 
3.90924e-04 2.10118e-04 8.09719e-04 1.83549e-02 8.70116e-04 1.07658e-04 1.29445e-01 3.45715e-04 1.99997e-04 2.58307e-02 2.03501e-04 6.00951e-03 3.89725e-02 1.76638e-04 1.16648e-02 1.02216e-03 
1.63112e-06 1.13876e-05 4.72613e-05 3.69871e-04 1.05742e-05 1.02771e-04 3.45715e-04 1.06663e-03 8.53932e-06 5.18048e-04 1.12799e-05 2.46022e-04 2.89962e-04 6.91144e-05 8.75201e-05 1.02268e-04 
3.25399e-05 5.93073e-06 7.88651e-06 3.94957e-04 5.80394e-05 2.60161e-06 1.99997e-04 8.53932e-06 9.89947e-04 1.19970e-03 3.13731e-05 1.19541e-04 4.39514e-04 2.00342e-05 2.81070e-05 1.88535e-06 
3.08956e-04 3.90821e-04 1.97435e-04 3.55856e-02 2.36923e-04 4.16011e-04 2.58307e-02 5.18048e-04 1.19970e-03 1.61436e-01 2.50043e-04 1.36423e-02 1.90342e-02 4.07386e-04 5.68991e-03 5.75767e-04 
2.81291e-06 2.30374e-06 1.98617e-04 2.29678e-04 1.48394e-06 9.81925e-07 2.03501e-04 1.12799e-05 3.13731e-05 2.50043e-04 9.21339e-04 1.84265e-04 1.24159e-04 1.17433e-05 1.69226e-04 3.83025e-06 
1.02129e-04 3.33606e-04 7.42441e-05 8.31736e-03 2.92695e-05 5.29364e-05 6.00951e-03 2.46022e-04 1.19541e-04 1.36423e-02 1.84265e-04 3.47466e-02 5.03564e-03 1.28978e-04 2.09837e-03 5.51544e-04 
5.36543e-04 2.49619e-04 7.12594e-04 1.69136e-02 5.00400e-04 1.86217e-04 3.89725e-02 2.89962e-04 4.39514e-04 1.90342e-02 1.24159e-04 5.03564e-03 8.49485e-02 4.56396e-04 9.42942e-03 1.09036e-03 
1.99639e-06 5.58090e-06 6.09038e-06 1.49351e-04 3.76084e-06 1.89877e-05 1.76638e-04 6.91144e-05 2.00342e-05 4.07386e-04 1.17433e-05 1.28978e-04 4.56396e-04 6.86575e-05 2.21181e-04 4.20922e-05 
4.02687e-04 8.43301e-05 9.79716e-05 3.41683e-03 6.37210e-05 3.84820e-05 1.16648e-02 8.75201e-05 2.81070e-05 5.68991e-03 1.69226e-04 2.09837e-03 9.42942e-03 2.21181e-04 3.47464e-02 4.51563e-04 
6.35460e-06 3.21689e-05 3.44319e-06 3.98683e-04 9.51053e-06 3.37687e-05 1.02216e-03 1.02268e-04 1.88535e-06 5.75767e-04 3.83025e-06 5.51544e-04 1.09036e-03 4.20922e-05 4.51563e-04 1.43543e-03 

