RIBOSUM

	A	C	G	U
A	1.63
C	-0.87	0.89
G	-0.63	-1.19	0.82
U	-0.69	-0.44	-0.90	1.02


	AA	AC	AG	AU	CA	CC	CG	CU	GA	GC	GG	GU	UA	UC	UG	UU
AA	-3.31
AC	-6.71	-1.32
AG	-7.52	-11.10	-4.55
AU	-3.70	-1.71	-4.71	3.88
CA	-9.62	-10.95	-10.53	-5.02	-3.32
CC	-10.77	-6.14	-12.96	-3.08	-11.02	-3.99
CG	-3.36	-3.83	-2.57	2.30	-2.44	-3.72	5.27
CU	-11.75	-8.14	-7.07	-3.67	-8.97	-5.12	-3.45	-1.47
GA	-8.30	-10.02	-8.82	-4.04	-6.66	-10.86	-4.35	-9.19	-2.53
GC	-3.81	-3.14	-4.53	3.23	-4.29	-2.43	3.09	-2.46	-2.02	5.59
GG	-10.41	-10.29	-4.47	-4.29	-10.77	-11.94	-4.05	-9.32	-6.11	-3.31	-2.13
GU	-4.14	-3.20	-5.44	0.83	-6.23	-6.30	0.61	-3.98	-5.09	1.77	-5.27	2.93
UA	-3.03	-4.26	-3.04	1.91	-2.86	-4.72	3.26	-4.00	-3.93	2.32	-5.38	0.21	4.29
UC	-10.05	-8.53	-8.68	-4.59	-10.15	-7.83	-4.23	-5.70	-7.99	-3.27	-9.36	-4.93	-3.35	-5.64
UG	-3.76	-5.73	-5.63	-0.44	-5.03	-6.90	1.47	-5.31	-6.66	0.61	-4.97	-1.11	1.03	-4.25	2.94
UU	-9.94	-6.46	-10.79	-2.98	-8.80	-6.53	-2.07	-5.04	-11.01	-2.33	-9.84	-3.12	-1.79	-5.69	-3.41	-1.80


BASE FREQUENCIES
2.68213e-01 2.09500e-01 2.81051e-01 2.41236e-01 

BASE PAIR FREQUENCIES
3.04497e-03 3.21002e-03 2.59157e-03 1.50812e-01 
2.15453e-03 1.24107e-03 2.37002e-01 2.94158e-03 
3.90330e-03 2.63130e-01 3.19375e-03 7.24751e-02 
1.73845e-01 1.40014e-03 7.43399e-02 4.71396e-03 


BASE MATCH FREQUENCIES
2.23383e-01 3.06571e-02 4.86832e-02 4.00060e-02 3.06571e-02 8.15732e-02 2.58337e-02 3.71380e-02 4.86832e-02 2.58337e-02 1.39666e-01 3.64168e-02 4.00060e-02 3.71380e-02 3.64168e-02 1.17908e-01 

BASE PAIR MATCH FREQUENCIES
5.21959e-04 3.85663e-05 2.94706e-05 3.57715e-04 5.12929e-06 1.80292e-06 4.12415e-04 1.05664e-06 1.72069e-05 3.02561e-04 4.18554e-06 2.76407e-04 5.70297e-04 3.43008e-06 3.61227e-04 4.25468e-06 
3.85663e-05 1.26068e-03 1.92677e-06 1.11244e-03 1.59890e-06 3.49283e-05 2.31852e-04 1.00725e-05 4.08769e-06 3.75533e-04 3.54940e-06 4.15246e-04 1.89525e-04 7.68068e-06 7.16046e-05 3.71697e-05 
2.94706e-05 1.92677e-06 2.43201e-04 1.86369e-04 2.85903e-06 4.15386e-07 7.48480e-04 2.84175e-05 1.25349e-05 1.92039e-04 2.68683e-04 1.17839e-04 5.94827e-04 9.27411e-06 1.03127e-04 2.47498e-06 
3.57715e-04 1.11244e-03 1.86369e-04 6.14687e-02 1.12249e-04 3.36533e-04 1.87064e-02 2.57793e-04 2.97116e-04 3.57787e-02 2.60620e-04 7.81123e-03 1.57749e-02 1.36020e-04 3.24277e-03 4.78429e-04 
5.12929e-06 1.59890e-06 2.85903e-06 1.12249e-04 3.16843e-04 1.18394e-06 6.11333e-04 5.65377e-06 4.20303e-05 1.69599e-04 2.53906e-06 5.07710e-05 5.00389e-04 2.50362e-06 1.16913e-04 7.31427e-06 
1.80292e-06 3.49283e-05 4.15386e-07 3.36533e-04 1.18394e-06 1.21570e-04 1.95777e-04 6.39175e-05 1.77628e-06 4.78598e-04 8.82419e-07 3.77992e-05 1.07605e-04 9.75529e-06 2.48460e-05 2.75690e-05 
4.12415e-04 2.31852e-04 7.48480e-04 1.87064e-02 6.11333e-04 1.95777e-04 1.33400e-01 2.71357e-04 2.18391e-04 2.94388e-02 2.81649e-04 6.07243e-03 3.63830e-02 1.59112e-04 1.10635e-02 8.16735e-04 
1.05664e-06 1.00725e-05 2.84175e-05 2.57793e-04 5.65377e-06 6.39175e-05 2.71357e-04 9.22938e-04 6.53191e-06 5.41012e-04 6.25222e-06 2.16723e-04 2.04870e-04 4.91968e-05 8.65872e-05 8.92646e-05 
1.72069e-05 4.08769e-06 1.25349e-05 2.97116e-04 4.20303e-05 1.77628e-06 2.18391e-04 6.53191e-06 9.85309e-04 1.09619e-03 8.62743e-05 1.50185e-04 3.19942e-04 1.50002e-05 5.04763e-05 2.12548e-06 
3.02561e-04 3.75533e-04 1.92039e-04 3.57787e-02 1.69599e-04 4.78598e-04 2.94388e-02 5.41012e-04 1.09619e-03 1.66475e-01 4.67676e-04 1.35900e-02 1.90223e-02 3.09354e-04 6.10680e-03 6.80244e-04 
4.18554e-06 3.54940e-06 2.68683e-04 2.60620e-04 2.53906e-06 8.82419e-07 2.81649e-04 6.25222e-06 8.62743e-05 4.67676e-04 1.42326e-03 1.38750e-04 1.22447e-04 6.08090e-06 1.70644e-04 5.00732e-06 
2.76407e-04 4.15246e-04 1.17839e-04 7.81123e-03 5.07710e-05 3.77992e-05 6.07243e-03 2.16723e-04 1.50185e-04 1.35900e-02 1.38750e-04 3.50257e-02 5.05810e-03 1.12219e-04 2.13136e-03 4.54333e-04 
5.70297e-04 1.89525e-04 5.94827e-04 1.57749e-02 5.00389e-04 1.07605e-04 3.63830e-02 2.04870e-04 3.19942e-04 1.90223e-02 1.22447e-04 5.05810e-03 8.18639e-02 3.21586e-04 8.98853e-03 1.09037e-03 
3.43008e-06 7.68068e-06 9.27411e-06 1.36020e-04 2.50362e-06 9.75529e-06 1.59112e-04 4.91968e-05 1.50002e-05 3.09354e-04 6.08090e-06 1.12219e-04 3.21586e-04 5.12764e-05 1.80621e-04 5.69196e-05 
3.61227e-04 7.16046e-05 1.03127e-04 3.24277e-03 1.16913e-04 2.48460e-05 1.10635e-02 8.65872e-05 5.04763e-05 6.10680e-03 1.70644e-04 2.13136e-03 8.98853e-03 1.80621e-04 3.53222e-02 3.71671e-04 
4.25468e-06 3.71697e-05 2.47498e-06 4.78429e-04 7.31427e-06 2.75690e-05 8.16735e-04 8.92646e-05 2.12548e-06 6.80244e-04 5.00732e-06 4.54333e-04 1.09037e-03 5.69196e-05 3.71671e-04 9.71912e-04 

