RIBOSUM

	A	C	G	U
A	2.32
C	-4.45	1.76
G	-3.94	-4.89	1.47
U	-3.44	-2.72	-4.31	1.92


	AA	AC	AG	AU	CA	CC	CG	CU	GA	GC	GG	GU	UA	UC	UG	UU
AA	-0.72
AC	-8.71	-0.41
AG	-7.90	-9.62	-1.18
AU	-5.52	-5.34	-8.53	5.13
CA	-9.58	-12.12	-11.44	-9.91	-1.19
CC	-14.47	-9.03	-14.85	-9.91	-10.95	-0.81
CG	-6.88	-8.90	-6.00	-2.29	-4.20	-5.75	6.04
CU	-12.93	-14.63	-13.91	-6.26	-11.06	-7.15	-5.87	-0.01
GA	-8.86	-13.62	-9.40	-9.89	-10.20	-14.77	-10.25	-16.63	-0.53
GC	-6.51	-4.13	-8.80	-0.12	-8.20	-4.88	-1.57	-8.22	-6.67	6.19
GG	-9.80	-11.87	-6.92	-8.92	-10.44	-15.06	-5.94	-15.23	-8.54	-5.20	-1.24
GU	-8.74	-7.28	-9.46	-1.24	-10.40	-10.27	-3.60	-7.06	-7.24	-0.28	-6.93	3.86
UA	-5.53	-6.78	-9.61	-2.16	-4.59	-9.14	-0.01	-8.49	-7.92	-2.61	-9.42	-4.59	5.27
UC	-12.38	-9.73	-12.28	-9.83	-13.33	-7.21	-8.24	-6.68	-16.05	-5.10	-13.34	-7.10	-5.84	-0.96
UG	-9.19	-9.84	-6.83	-4.34	-6.98	-10.83	-0.30	-10.37	-10.49	-3.89	-6.97	-4.88	-1.23	-8.45	3.84
UU	-11.14	-9.88	-10.86	-3.96	-11.20	-10.68	-5.94	-6.82	-16.51	-6.62	-13.73	-6.00	-4.48	-5.71	-5.53	0.17


BASE FREQUENCIES
2.66160e-01 2.10615e-01 2.78493e-01 2.44732e-01 

BASE PAIR FREQUENCIES
3.56690e-03 2.78008e-03 2.73062e-03 1.56986e-01 
1.84386e-03 1.36406e-03 2.36302e-01 2.87491e-03 
3.97694e-03 2.58422e-01 2.94608e-03 7.31557e-02 
1.72894e-01 1.70864e-03 7.35114e-02 4.93733e-03 


BASE MATCH FREQUENCIES
3.54562e-01 2.56459e-03 4.84525e-03 5.99227e-03 2.56459e-03 1.50609e-01 1.97331e-03 7.84632e-03 4.84525e-03 1.97331e-03 2.14990e-01 3.44556e-03 5.99227e-03 7.84632e-03 3.44556e-03 2.26505e-01 

BASE PAIR MATCH FREQUENCIES
3.05656e-03 9.48404e-06 2.19235e-05 1.00456e-04 5.18249e-06 1.38946e-07 3.53846e-05 4.68762e-07 1.12758e-05 4.57106e-05 6.14863e-06 1.12880e-05 1.00066e-04 6.86767e-07 8.27464e-06 1.87636e-06 
9.48404e-06 2.37311e-03 5.29720e-06 9.00111e-05 7.06267e-07 4.75808e-06 6.87337e-06 1.13916e-07 3.29861e-07 1.87277e-04 1.16432e-06 2.46187e-05 3.31263e-05 3.41379e-06 4.18260e-06 3.55307e-06 
2.19235e-05 5.29720e-06 2.41769e-03 1.30480e-05 1.49266e-06 1.11714e-07 6.77087e-05 2.47764e-07 8.13481e-06 9.72974e-06 4.73492e-05 7.17691e-06 6.16970e-06 7.67490e-07 4.42981e-05 2.39279e-06 
1.00456e-04 9.00111e-05 1.30480e-05 1.48633e-01 3.80092e-06 2.99851e-06 7.82029e-04 4.37411e-05 5.09392e-06 3.52211e-03 1.04326e-05 1.87420e-03 9.46317e-04 3.68269e-06 2.19281e-04 2.50523e-04 
5.18249e-06 7.06267e-07 1.49266e-06 3.80092e-06 1.38070e-03 1.26128e-06 1.78394e-04 1.35251e-06 3.52179e-06 1.11713e-05 3.12556e-06 2.82381e-06 1.51677e-04 2.80699e-07 3.03403e-05 1.42299e-06 
1.38946e-07 4.75808e-06 1.11714e-07 2.99851e-06 1.26128e-06 1.11892e-03 4.84543e-05 1.60812e-05 1.17726e-07 8.86465e-05 1.00434e-07 2.44346e-06 5.13592e-06 1.54190e-05 1.66539e-06 1.61920e-06 
3.53846e-05 6.87337e-06 6.77087e-05 7.82029e-04 1.78394e-04 4.84543e-05 2.27056e-01 5.15626e-05 3.56151e-06 1.15644e-03 7.39005e-05 3.28979e-04 3.79464e-03 9.98948e-06 3.24149e-03 5.73709e-05 
4.68762e-07 1.13916e-07 2.47764e-07 4.37411e-05 1.35251e-06 1.60812e-05 5.15626e-05 2.63956e-03 3.77508e-08 1.01309e-05 1.03925e-07 2.62582e-05 9.32865e-06 2.58225e-05 2.65756e-06 2.72430e-05 
1.12758e-05 3.29861e-07 8.13481e-06 5.09392e-06 3.52179e-06 1.17726e-07 3.56151e-06 3.77508e-08 3.80614e-03 4.27825e-05 1.54125e-05 3.35229e-05 1.98789e-05 5.64143e-08 3.50962e-06 4.75684e-08 
4.57106e-05 1.87277e-04 9.72974e-06 3.52211e-03 1.11713e-05 8.86465e-05 1.15644e-03 1.01309e-05 4.27825e-05 2.50749e-01 1.24071e-04 3.30009e-03 6.27925e-04 8.79968e-05 2.70478e-04 3.56684e-05 
6.14863e-06 1.16432e-06 4.73492e-05 1.04326e-05 3.12556e-06 1.00434e-07 7.39005e-05 1.03925e-07 1.54125e-05 1.24071e-04 2.54760e-03 4.32057e-05 7.37439e-06 3.86193e-07 4.20430e-05 3.41669e-07 
1.12880e-05 2.46187e-05 7.17691e-06 1.87420e-03 2.82381e-06 2.44346e-06 3.28979e-04 2.62582e-05 3.35229e-05 3.30009e-03 4.32057e-05 6.73657e-02 1.83776e-04 2.56014e-05 1.57936e-04 6.38119e-05 
1.00066e-04 3.31263e-05 6.16970e-06 9.46317e-04 1.51677e-04 5.13592e-06 3.79464e-03 9.32865e-06 1.98789e-05 6.27925e-04 7.37439e-06 1.83776e-04 1.64089e-01 5.84477e-05 1.89595e-03 1.75045e-04 
6.86767e-07 3.41379e-06 7.67490e-07 3.68269e-06 2.80699e-07 1.54190e-05 9.98948e-06 2.58225e-05 5.64143e-08 8.79968e-05 3.86193e-07 2.56014e-05 5.84477e-05 1.36677e-03 1.00196e-05 5.88941e-05 
8.27464e-06 4.18260e-06 4.42981e-05 2.19281e-04 3.03403e-05 1.66539e-06 3.24149e-03 2.65756e-06 3.50962e-06 2.70478e-04 4.20430e-05 1.57936e-04 1.89595e-03 1.00196e-05 6.66611e-02 8.81217e-05 
1.87636e-06 3.55307e-06 2.39279e-06 2.50523e-04 1.42299e-06 1.61920e-06 5.73709e-05 2.72430e-05 4.75684e-08 3.56684e-05 3.41669e-07 6.38119e-05 1.75045e-04 5.88941e-05 8.81217e-05 4.03219e-03 

