RIBOSUM

	A	C	G	U
A	2.28
C	-2.18	1.26
G	-1.80	-2.75	1.15
U	-1.80	-1.08	-2.10	1.74


	AA	AC	AG	AU	CA	CC	CG	CU	GA	GC	GG	GU	UA	UC	UG	UU
AA	-1.28
AC	-9.37	-1.57
AG	-8.64	-9.64	-1.79
AU	-5.45	-2.74	-6.44	4.70
CA	-9.89	-10.90	-11.19	-6.47	-1.83
CC	-13.52	-9.40	-13.38	-6.98	-10.24	-1.82
CG	-5.36	-6.05	-4.92	1.37	-3.42	-5.11	5.53
CU	-11.27	-10.78	-8.17	-6.00	-7.87	-5.89	-4.78	-0.37
GA	-8.55	-8.71	-7.93	-6.82	-8.61	-11.99	-4.00	-6.57	-0.91
GC	-5.33	-3.92	-5.96	2.40	-5.87	-4.29	1.83	-6.65	-4.33	5.72
GG	-9.46	-8.81	-5.40	-6.66	-11.64	-13.12	-4.63	-12.47	-6.38	-4.16	-2.07
GU	-7.03	-5.66	-6.95	0.27	-8.04	-8.15	-0.68	-6.41	-6.68	1.06	-6.07	3.53
UA	-4.74	-6.21	-6.76	1.16	-3.41	-7.13	2.47	-4.22	-5.46	1.17	-6.67	-1.13	5.04
UC	-11.26	-8.16	-8.24	-5.82	-8.46	-8.39	-5.74	-4.28	-6.58	-4.60	-12.18	-5.19	-3.04	-3.48
UG	-6.75	-7.82	-5.66	-1.07	-6.21	-8.97	1.04	-8.13	-7.65	-0.32	-4.64	-2.39	0.71	-6.81	3.36
UU	-9.82	-7.68	-9.82	-3.87	-8.01	-6.49	-3.76	-4.18	-11.32	-3.92	-11.25	-4.93	-3.83	-4.66	-4.98	-0.13


BASE FREQUENCIES
2.54071e-01 2.21112e-01 2.95614e-01 2.29203e-01 

BASE PAIR FREQUENCIES
2.50672e-03 2.04456e-03 2.51878e-03 1.34633e-01 
1.86683e-03 1.14152e-03 2.57492e-01 2.69162e-03 
4.16865e-03 2.78650e-01 3.05006e-03 7.39006e-02 
1.56936e-01 1.29903e-03 7.30801e-02 4.02002e-03 


BASE MATCH FREQUENCIES
3.12559e-01 1.23683e-02 2.16184e-02 1.67250e-02 1.23683e-02 1.17123e-01 9.68640e-03 2.39299e-02 2.16184e-02 9.68640e-03 1.94081e-01 1.57812e-02 1.67250e-02 2.39299e-02 1.57812e-02 1.76018e-01 

BASE PAIR MATCH FREQUENCIES
1.71357e-03 5.48956e-06 1.21705e-05 8.60748e-05 3.82576e-06 2.68730e-07 1.03055e-04 1.32293e-06 1.29050e-05 1.04828e-04 8.03031e-06 3.35221e-05 1.40432e-04 1.33335e-06 4.07672e-05 3.74347e-06 
5.48956e-06 1.06136e-03 5.29728e-06 4.90470e-04 1.65723e-06 4.07070e-06 5.55360e-05 1.62169e-06 1.00592e-05 2.42396e-04 1.09416e-05 7.51488e-05 4.43386e-05 9.96002e-06 1.68805e-05 1.44051e-05 
1.21705e-05 5.29728e-06 1.63079e-03 5.05076e-05 1.80780e-06 3.44402e-07 1.62505e-04 1.31872e-05 2.31963e-05 7.88396e-05 1.55465e-04 4.11540e-05 4.04590e-05 1.26090e-05 1.00339e-04 4.36450e-06 
8.60748e-05 4.90470e-04 5.05076e-05 8.79665e-02 3.69874e-05 2.25790e-05 9.81933e-03 4.60028e-05 3.87695e-05 2.00475e-02 5.04484e-05 4.75754e-03 7.58608e-03 5.20776e-05 1.88032e-03 2.09091e-04 
3.82576e-06 1.65723e-06 1.80780e-06 3.69874e-05 8.86125e-04 2.27293e-06 3.41957e-04 1.21689e-05 1.07825e-05 6.26728e-05 1.54120e-06 1.44962e-05 3.07195e-04 8.07864e-06 5.15177e-05 1.14686e-05 
2.68730e-07 4.07070e-06 3.44402e-07 2.25790e-05 2.27293e-06 6.77590e-04 9.23874e-05 4.16761e-05 9.00181e-07 1.62859e-04 4.80442e-07 1.16686e-05 2.03132e-05 7.38994e-06 6.58879e-06 2.86728e-05 
1.03055e-04 5.55360e-05 1.62505e-04 9.81933e-03 3.41957e-04 9.23874e-05 1.97357e-01 1.20662e-04 3.07428e-04 1.51799e-02 2.31184e-04 2.76323e-03 2.11402e-02 6.18487e-05 9.08734e-03 2.52790e-04 
1.32293e-06 1.62169e-06 1.31872e-05 4.60028e-05 1.21689e-05 4.16761e-05 1.20662e-04 1.98139e-03 4.01055e-05 3.28980e-05 7.79708e-07 4.03585e-05 1.58564e-04 1.32455e-04 1.22888e-05 1.46488e-04 
1.29050e-05 1.00592e-05 2.31963e-05 3.87695e-05 1.07825e-05 9.00181e-07 3.07428e-04 4.01055e-05 3.00486e-03 2.44247e-04 7.89116e-05 4.97136e-05 9.90285e-05 3.98239e-05 2.53127e-05 1.54498e-06 
1.04828e-04 2.42396e-04 7.88396e-05 2.00475e-02 6.26728e-05 1.62859e-04 1.51799e-02 3.28980e-05 2.44247e-04 2.25910e-01 3.18964e-04 9.24850e-03 8.56939e-03 1.36405e-04 3.54593e-03 2.27283e-04 
8.03031e-06 1.09416e-05 1.55465e-04 5.04484e-05 1.54120e-06 4.80442e-07 2.31184e-04 7.79708e-07 7.89116e-05 3.18964e-04 1.81828e-03 8.82933e-05 4.98110e-05 9.56029e-07 2.37582e-04 1.88013e-06 
3.35221e-05 7.51488e-05 4.11540e-05 4.75754e-03 1.44962e-05 1.16686e-05 2.76323e-03 4.03585e-05 4.97136e-05 9.24850e-03 8.82933e-05 5.30415e-02 1.80024e-03 9.43470e-05 8.77237e-04 1.16979e-04 
1.40432e-04 4.43386e-05 4.04590e-05 7.58608e-03 3.07195e-04 2.03132e-05 2.11402e-02 1.58564e-04 9.90285e-05 8.56939e-03 4.98110e-05 1.80024e-03 1.11359e-01 3.58147e-04 6.46862e-03 2.15141e-04 
1.33335e-06 9.96002e-06 1.26090e-05 5.20776e-05 8.07864e-06 7.38994e-06 6.18487e-05 1.32455e-04 3.98239e-05 1.36405e-04 9.56029e-07 9.43470e-05 3.58147e-04 2.30982e-04 3.05530e-05 1.05441e-04 
4.07672e-05 1.68805e-05 1.00339e-04 1.88032e-03 5.15177e-05 6.58879e-06 9.08734e-03 1.22888e-05 2.53127e-05 3.54593e-03 2.37582e-04 8.77237e-04 6.46862e-03 3.05530e-05 4.71894e-02 1.12712e-04 
3.74347e-06 1.44051e-05 4.36450e-06 2.09091e-04 1.14686e-05 2.86728e-05 2.52790e-04 1.46488e-04 1.54498e-06 2.27283e-04 1.88013e-06 1.16979e-04 2.15141e-04 1.05441e-04 1.12712e-04 2.53028e-03 

