RIBOSUM

	A	C	G	U
A	2.27
C	-2.78	1.51
G	-2.42	-3.10	1.32
U	-2.48	-1.35	-2.66	1.79


	AA	AC	AG	AU	CA	CC	CG	CU	GA	GC	GG	GU	UA	UC	UG	UU
AA	-0.40
AC	-8.29	-0.64
AG	-7.65	-9.56	-1.61
AU	-5.22	-4.77	-6.25	4.98
CA	-9.60	-10.68	-10.60	-7.22	-0.90
CC	-13.10	-7.30	-12.34	-7.74	-9.54	-0.77
CG	-5.78	-6.26	-4.96	0.37	-3.16	-5.03	5.80
CU	-10.53	-11.36	-10.08	-6.02	-9.07	-7.15	-4.92	0.31
GA	-8.72	-7.76	-8.26	-7.88	-8.56	-13.34	-6.16	-9.70	-0.73
GC	-4.91	-3.82	-6.94	1.58	-6.00	-4.36	1.08	-7.43	-4.83	5.94
GG	-10.46	-11.32	-4.80	-8.08	-11.54	-13.94	-5.05	-13.51	-7.59	-5.21	-2.04
GU	-6.82	-5.84	-7.90	-0.06	-8.39	-8.37	-1.46	-6.71	-6.50	0.68	-6.25	3.66
UA	-4.96	-6.81	-7.40	-0.26	-4.24	-7.36	1.77	-5.75	-6.00	0.05	-7.64	-2.56	5.13
UC	-11.01	-8.75	-10.70	-6.47	-10.46	-8.06	-6.13	-5.80	-9.35	-4.71	-12.83	-4.62	-4.38	-2.50
UG	-7.01	-7.91	-6.24	-2.31	-6.28	-8.96	0.84	-8.67	-8.78	-1.31	-6.26	-3.06	-0.06	-7.50	3.56
UU	-9.53	-7.87	-10.04	-3.53	-7.49	-6.87	-4.09	-6.18	-13.18	-4.10	-12.12	-4.80	-4.16	-4.08	-5.25	0.00


BASE FREQUENCIES
2.54884e-01 2.17091e-01 2.83503e-01 2.44522e-01 

BASE PAIR FREQUENCIES
4.09765e-03 2.57645e-03 2.37013e-03 1.47066e-01 
2.50534e-03 1.68529e-03 2.48368e-01 3.80194e-03 
3.58519e-03 2.64675e-01 2.38952e-03 7.59160e-02 
1.60622e-01 1.32650e-03 7.39430e-02 5.07151e-03 


BASE MATCH FREQUENCIES
3.13903e-01 8.03585e-03 1.35361e-02 1.11998e-02 8.03585e-03 1.34332e-01 7.19897e-03 2.08901e-02 1.35361e-02 7.19897e-03 2.00615e-01 1.09829e-02 1.11998e-02 2.08901e-02 1.09829e-02 2.07463e-01 

BASE PAIR MATCH FREQUENCIES
3.20639e-03 1.14501e-05 2.32930e-05 1.08997e-04 4.63255e-06 3.49321e-07 7.27316e-05 2.33786e-06 1.11350e-05 1.33076e-04 3.69838e-06 3.99095e-05 1.30053e-04 1.67675e-06 3.48492e-05 5.25065e-06 
1.14501e-05 1.96097e-03 5.29821e-06 1.26277e-04 1.86422e-06 1.65868e-05 4.43727e-05 1.11860e-06 1.84106e-05 2.41804e-04 1.74308e-06 6.71467e-05 3.06463e-05 6.82999e-06 1.59468e-05 1.41319e-05 
2.32930e-05 5.29821e-06 1.70771e-03 5.93355e-05 2.56943e-06 6.55032e-07 1.42813e-04 3.53544e-06 1.70210e-05 3.62943e-05 2.08383e-04 2.09039e-05 2.66665e-05 2.30190e-06 6.61208e-05 4.09459e-06 
1.08997e-04 1.26277e-04 5.93355e-05 1.22714e-01 2.31147e-05 1.37241e-05 4.94500e-03 5.10469e-05 1.91076e-05 1.14769e-02 1.85413e-05 4.14117e-03 3.23313e-03 3.72505e-05 8.68339e-04 3.22846e-04 
4.63255e-06 1.86422e-06 2.56943e-06 2.31147e-05 1.64086e-03 3.50608e-06 3.82153e-04 5.46614e-06 1.05717e-05 5.33573e-05 1.48968e-06 1.14715e-05 1.81955e-04 2.09231e-06 4.94700e-05 1.83412e-05 
3.49321e-07 1.65868e-05 6.55032e-07 1.37241e-05 3.50608e-06 1.29884e-03 8.89331e-05 1.76156e-05 3.28322e-07 1.40901e-04 2.41560e-07 9.86545e-06 1.79061e-05 9.40007e-06 6.53910e-06 2.40476e-05 
7.27316e-05 4.43727e-05 1.42813e-04 4.94500e-03 3.82153e-04 8.89331e-05 2.11092e-01 1.07628e-04 6.21701e-05 8.01120e-03 1.49370e-04 1.54940e-03 1.30902e-02 4.65257e-05 7.66292e-03 2.16742e-04 
2.33786e-06 1.11860e-06 3.53544e-06 5.10469e-05 5.46614e-06 1.76156e-05 1.07628e-04 3.49400e-03 4.60192e-06 1.89512e-05 3.64852e-07 3.50770e-05 6.13236e-05 5.07383e-05 9.04592e-06 4.38621e-05 
1.11350e-05 1.84106e-05 1.70210e-05 1.91076e-05 1.05717e-05 3.28322e-07 6.21701e-05 4.60192e-06 3.14493e-03 1.56483e-04 3.02455e-05 5.54921e-05 7.05499e-05 5.89727e-06 1.14326e-05 4.65252e-07 
1.33076e-04 2.41804e-04 3.62943e-05 1.14769e-02 5.33573e-05 1.40901e-04 8.01120e-03 1.89512e-05 1.56483e-04 2.32542e-01 1.33986e-04 6.84039e-03 3.96293e-03 1.24462e-04 1.72406e-03 2.14145e-04 
3.69838e-06 1.74308e-06 2.08383e-04 1.85413e-05 1.48968e-06 2.41560e-07 1.49370e-04 3.64852e-07 3.02455e-05 1.33986e-04 1.56877e-03 7.31473e-05 2.50465e-05 5.85934e-07 7.26398e-05 1.07968e-06 
3.99095e-05 6.71467e-05 2.09039e-05 4.14117e-03 1.14715e-05 9.86545e-06 1.54940e-03 3.50770e-05 5.54921e-05 6.84039e-03 7.31473e-05 6.07116e-02 7.30644e-04 1.50030e-04 5.75400e-04 1.49081e-04 
1.30053e-04 3.06463e-05 2.66665e-05 3.23313e-03 1.81955e-04 1.79061e-05 1.30902e-02 6.13236e-05 7.05499e-05 3.96293e-03 2.50465e-05 7.30644e-04 1.36135e-01 1.58406e-04 4.14457e-03 2.07785e-04 
1.67675e-06 6.82999e-06 2.30190e-06 3.72505e-05 2.09231e-06 9.40007e-06 4.65257e-05 5.07383e-05 5.89727e-06 1.24462e-04 5.85934e-07 1.50030e-04 1.58406e-04 4.97123e-04 2.02984e-05 1.88318e-04 
3.48492e-05 1.59468e-05 6.61208e-05 8.68339e-04 4.94700e-05 6.53910e-06 7.66292e-03 9.04592e-06 1.14326e-05 1.72406e-03 7.26398e-05 5.75400e-04 4.14457e-03 2.02984e-05 5.66912e-02 1.08856e-04 
5.25065e-06 1.41319e-05 4.09459e-06 3.22846e-04 1.83412e-05 2.40476e-05 2.16742e-04 4.38621e-05 4.65252e-07 2.14145e-04 1.07968e-06 1.49081e-04 2.07785e-04 1.88318e-04 1.08856e-04 3.57684e-03 

