RIBOSUM

	A	C	G	U
A	2.28
C	-2.23	1.28
G	-1.85	-2.78	1.17
U	-1.86	-1.10	-2.15	1.75


	AA	AC	AG	AU	CA	CC	CG	CU	GA	GC	GG	GU	UA	UC	UG	UU
AA	-1.17
AC	-9.18	-1.44
AG	-8.71	-9.67	-1.78
AU	-5.44	-2.83	-6.45	4.73
CA	-9.84	-10.90	-11.26	-6.58	-1.73
CC	-13.79	-8.71	-13.43	-7.03	-10.23	-1.70
CG	-5.45	-6.08	-4.93	1.30	-3.42	-5.15	5.54
CU	-11.30	-10.89	-8.17	-6.09	-7.89	-5.94	-4.82	-0.29
GA	-8.71	-8.73	-8.03	-6.92	-8.70	-11.91	-4.02	-6.55	-0.88
GC	-5.35	-3.95	-6.03	2.34	-5.88	-4.30	1.77	-6.78	-4.34	5.73
GG	-9.66	-8.84	-5.38	-6.79	-11.68	-12.63	-4.63	-12.67	-6.41	-4.22	-2.06
GU	-7.09	-5.76	-6.95	0.23	-8.08	-8.18	-0.74	-6.57	-6.65	1.04	-6.05	3.54
UA	-4.77	-6.27	-6.82	1.09	-3.50	-7.18	2.42	-4.25	-5.47	1.10	-6.73	-1.22	5.06
UC	-11.35	-8.30	-8.25	-5.87	-8.49	-8.33	-5.80	-4.35	-6.60	-4.67	-12.22	-5.18	-3.08	-3.37
UG	-6.79	-7.78	-5.55	-1.14	-6.23	-9.01	1.02	-8.31	-7.74	-0.37	-4.64	-2.43	0.67	-6.95	3.38
UU	-9.86	-7.81	-9.84	-3.88	-8.00	-6.67	-3.79	-4.17	-11.67	-3.96	-11.42	-4.93	-3.86	-4.62	-4.97	-0.09


BASE FREQUENCIES
2.53740e-01 2.21262e-01 2.94977e-01 2.30022e-01 

BASE PAIR FREQUENCIES
2.61576e-03 2.10094e-03 2.50107e-03 1.34994e-01 
1.90628e-03 1.19429e-03 2.57040e-01 2.80573e-03 
4.16640e-03 2.77886e-01 3.02464e-03 7.40916e-02 
1.56969e-01 1.30290e-03 7.32917e-02 4.11050e-03 


BASE MATCH FREQUENCIES
3.12512e-01 1.19548e-02 2.07806e-02 1.61179e-02 1.19548e-02 1.19281e-01 9.51337e-03 2.37056e-02 2.07806e-02 9.51337e-03 1.95225e-01 1.53008e-02 1.61179e-02 2.37056e-02 1.53008e-02 1.78236e-01 

BASE PAIR MATCH FREQUENCIES
1.83983e-03 6.23552e-06 1.14935e-05 8.62788e-05 3.94714e-06 2.22012e-07 9.61735e-05 1.30052e-06 1.15151e-05 1.02719e-04 6.91413e-06 3.21163e-05 1.37299e-04 1.25683e-06 3.93733e-05 3.66536e-06 
6.23552e-06 1.16167e-03 5.14987e-06 4.60803e-04 1.65187e-06 6.55375e-06 5.42858e-05 1.50729e-06 9.86447e-06 2.37176e-04 1.06622e-05 7.02037e-05 4.23725e-05 9.09576e-06 1.73304e-05 1.32678e-05 
1.14935e-05 5.14987e-06 1.63601e-03 5.00189e-05 1.71509e-06 3.32824e-07 1.60743e-04 1.32457e-05 2.13998e-05 7.46575e-05 1.56186e-04 4.12089e-05 3.86197e-05 1.24834e-05 1.08279e-04 4.30897e-06 
8.62788e-05 4.60803e-04 5.00189e-05 9.03334e-02 3.43147e-05 2.18866e-05 9.40448e-03 4.36029e-05 3.61576e-05 1.93361e-02 4.59964e-05 4.65213e-03 7.23452e-03 5.09302e-05 1.79545e-03 2.10331e-04 
3.94714e-06 1.65187e-06 1.71509e-06 3.43147e-05 9.49694e-04 2.28290e-06 3.41500e-04 1.20092e-05 1.01238e-05 6.23166e-05 1.48368e-06 1.40694e-05 2.89710e-04 7.93708e-06 5.07556e-05 1.15801e-05 
2.22012e-07 6.55375e-06 3.32824e-07 2.18866e-05 2.28290e-06 7.37444e-04 9.02598e-05 4.06492e-05 9.50290e-07 1.62268e-04 6.74229e-07 1.14822e-05 1.97504e-05 7.72694e-06 6.44507e-06 2.54323e-05 
9.61735e-05 5.42858e-05 1.60743e-04 9.40448e-03 3.41500e-04 9.02598e-05 1.98858e-01 1.17410e-04 3.01172e-04 1.45217e-02 2.29892e-04 2.65067e-03 2.03839e-02 5.95361e-05 8.99523e-03 2.50041e-04 
1.30052e-06 1.50729e-06 1.32457e-05 4.36029e-05 1.20092e-05 4.06492e-05 1.17410e-04 2.11993e-03 4.06902e-05 3.01711e-05 6.78520e-07 3.63415e-05 1.56427e-04 1.27262e-04 1.09037e-05 1.49440e-04 
1.15151e-05 9.86447e-06 2.13998e-05 3.61576e-05 1.01238e-05 9.50290e-07 3.01172e-04 4.06902e-05 3.03475e-03 2.40441e-04 7.63879e-05 5.06984e-05 9.83277e-05 3.93553e-05 2.38315e-05 1.21517e-06 
1.02719e-04 2.37176e-04 7.46575e-05 1.93361e-02 6.23166e-05 1.62268e-04 1.45217e-02 3.01711e-05 2.40441e-04 2.26868e-01 3.04508e-04 9.10427e-03 8.15035e-03 1.30606e-04 3.42684e-03 2.21972e-04 
6.91413e-06 1.06622e-05 1.56186e-04 4.59964e-05 1.48368e-06 6.74229e-07 2.29892e-04 6.78520e-07 7.63879e-05 3.04508e-04 1.81477e-03 8.89293e-05 4.79611e-05 9.26600e-07 2.36084e-04 1.67611e-06 
3.21163e-05 7.02037e-05 4.12089e-05 4.65213e-03 1.40694e-05 1.14822e-05 2.65067e-03 3.63415e-05 5.06984e-05 9.10427e-03 8.89293e-05 5.36667e-02 1.70400e-03 9.55746e-05 8.54863e-04 1.18091e-04 
1.37299e-04 4.23725e-05 3.86197e-05 7.23452e-03 2.89710e-04 1.97504e-05 2.03839e-02 1.56427e-04 9.83277e-05 8.15035e-03 4.79611e-05 1.70400e-03 1.13339e-01 3.52331e-04 6.31267e-03 2.13145e-04 
1.25683e-06 9.09576e-06 1.24834e-05 5.09302e-05 7.93708e-06 7.72694e-06 5.95361e-05 1.27262e-04 3.93553e-05 1.30606e-04 9.26600e-07 9.55746e-05 3.52331e-04 2.50112e-04 2.78853e-05 1.09672e-04 
3.93733e-05 1.73304e-05 1.08279e-04 1.79545e-03 5.07556e-05 6.44507e-06 8.99523e-03 1.09037e-05 2.38315e-05 3.42684e-03 2.36084e-04 8.54863e-04 6.31267e-03 2.78853e-05 4.79498e-02 1.14355e-04 
3.66536e-06 1.32678e-05 4.30897e-06 2.10331e-04 1.15801e-05 2.54323e-05 2.50041e-04 1.49440e-04 1.21517e-06 2.21972e-04 1.67611e-06 1.18091e-04 2.13145e-04 1.09672e-04 1.14355e-04 2.62578e-03 

